-0.032570
0.681814
0.052334
0.647132
0.109858
-0.031370
0.739499
0.902452
0.623864
0.799961
0.743562
0.089625
0.093850
-0.120866
0.043084
0.924809
0.024457
-0.922942
0.842379
-0.168305
0.738070
-0.911093
-0.862490
0.000091
0.655971
-0.030330
0.024323
0.035323
0.852245
-0.806534
0.193220
0.010362
-0.144320
0.190514
-0.703906
0.035758
-0.009396
-0.708908
0.965819
-0.064731
0.060383
0.833126
-0.714573
-0.107148
-0.775652
-0.887488
-0.098580
-0.913107
0.080019
-0.027262
0.880107
0.763495
0.003774
-0.179164
0.815190
-0.103303
0.008325
-0.815180
-0.103920
-0.190863
0.085223
0.172350
0.118803
-0.044391
-0.266590
0.041487
0.010813
0.061700
0.787665
0.015602
0.008996
-0.081406
0.905775
0.957890
-0.628607
0.221271
-0.725676
-0.132272
0.000380
0.826663
-0.039185
-0.162060
0.836998
-0.779095
-0.319777
0.572018
-0.001394
-0.872741
0.100784
0.076647
0.156525
-0.027426
-0.033406
-0.656236
0.929295
-0.842746
-0.878625
0.068203
-0.105471
0.000803
-0.765062
0.177117
-0.158885
0.062994
-0.098463
0.056281
0.238498
0.772697
-0.615127
-0.030252
-0.068936
-0.897396
-0.258145
-0.033586
0.085698
0.121593
-0.121419
-0.017822
-0.047496
0.096360
-0.103065
0.157209
-0.125763
-0.863275
-0.816189
-0.821375
0.197447
0.039130
-0.061551
-0.806543
0.837292
0.609503
0.775395
0.827531
-0.765534
0.056876
0.866548
0.118181
0.031386
-0.759035
0.055632
0.117849
0.857989
0.096472
-0.774472
0.008791
0.804928
-0.147962
-0.191708
-0.758460
0.705611
0.858021
-0.793582
-0.682547
0.152670
-0.556906
0.529647
-0.106062
0.923224
-0.722777
0.922247
0.710092
0.617308
0.831391
0.173763
0.027457
0.749022
0.636342
-0.670943
0.821066
0.103641
0.060257
-0.203618
0.925980
-0.924402
-0.609986
0.680072
0.173284
0.216647
0.052485
0.116253
-0.006338
-0.002466
0.768827
0.654132
0.002908
-0.939658
-0.851429
0.000726
0.821850
-0.099880
-0.060130
0.826288
-0.656660
0.039818
-0.168704
-0.863923
0.078880
0.935936
-0.699619
-0.759171
-0.120798
-0.160155
-0.680918
0.072370
0.689671
-0.078802
-0.141694
0.908272
0.022803
0.049123
0.022281
0.756082
0.809333
-0.756002
0.118613
0.063730
-0.231564
0.845656
-0.063590
0.023885
-0.137026
0.183839
-0.734351
0.518647
-0.898360
0.059163
0.096022
-0.099099
0.232040
0.775843
-0.376160
-0.130766
0.806283
-0.249235
-0.074552
0.896685
0.759525
0.890692
-0.066020
-0.134022
0.812935
0.690566
0.771144
-0.026534
-0.022058
0.628889
0.796992
-0.033140
0.748311
-0.091323
0.789707
0.235936
0.137973
0.181499
0.617307
-0.019554
-0.493141
0.108987
0.732126
-0.688087
0.695745
0.894618
0.823314
-0.765864
-0.166065
-0.109069
-0.877622
-0.140299
0.048115
-0.723256
0.614006
-0.134532
-0.011327
0.919047
-0.769784
-0.013501
0.220742
0.652146
0.677592
0.854005
-0.156226
0.130788
0.008666
0.725787
0.144288
0.824984
-0.782176
0.498098
0.841790
0.037284
0.003884
-0.785322
0.019537
0.810111
0.752555
-0.757615
0.750176
-0.040218
-0.942458
-0.028764
0.116437
-0.101954
-0.169334
0.076884
0.058524
0.852623
-0.736124
-0.129113
0.503531
0.106382
-0.758909
-0.790754
0.763796
-0.119402
-0.838741
0.680044
-0.876092
-0.665973
0.081226
-0.687746
0.085787
-0.198884
-0.784061
0.790976
0.881733
0.214181
0.062645
0.643255
0.542298
0.845713
0.141243
0.210447
0.496232
0.780769
0.190203
0.275518
-0.000758
-0.868363
0.126487
-0.112222
0.001394
0.152974
0.671030
-0.228750
-0.106913
-0.759959
-0.311376
0.089594
-0.226577
-0.149446
-0.763838
0.674918
-0.956383
-0.028518
0.072848
-0.047253
0.917345
-0.197508
-0.095879
-0.172637
0.656978
-0.636534
-0.756238
-0.146896
-0.306983
0.198162
0.797704
0.122806
0.808949
-0.076600
0.056842
-0.652038
-0.725478
-0.863271
-0.152072
0.662321
0.794270
-0.713568
0.760144
-0.144825
0.862930
-0.070623
-0.670358
-0.003141
0.057622
0.132770
-0.803781
0.835264
0.824249
-0.004101
-0.551045
0.675395
0.852589
-0.889420
-0.010021
-0.719527
0.064904
0.024338
-0.175090
0.828119
0.871671
-0.767190
0.008705
-0.263394
-0.772004
0.034126
-0.809594
0.942441
0.218104
-0.749680
0.222493
-0.824624
0.067593
-0.140430
-0.907227
0.122612
-0.070895
0.904631
0.906534
-0.058668
-0.013326
0.062098
0.831852
0.774586
0.624899
0.853438
-0.561915
-0.006110
-0.172591
-0.098688
-0.271359
-0.721653
-0.123201
0.075348
0.918525
0.897136
0.121517
0.542339
-0.757602
0.872376
-0.736156
0.555186
-0.723570
-0.026512
0.033481
0.706463
0.130603
-0.844025
-0.853401
0.780726
-0.603214
-0.065001
-0.776624
-0.838643
0.044692
0.096761
0.551839
0.660771
0.027085
-0.863702
-0.044909
0.843714
0.798564
-0.237751
0.046451
0.717140
-0.844750
-0.181106
-0.149972
-0.695548
-0.076989
0.875481
0.761384
-0.799942
-0.772368
0.072569
-0.751610
-0.816590
-0.056969
0.135807
-0.026956
-0.870979
-0.039104
0.686534
-0.220193
-0.066155
-0.879740
-0.842287
0.958410
-0.043688
-0.231594
-0.924260
-0.007283
-0.572564
0.105238
-0.210794
0.108613
-0.127467
0.030194
0.080409
0.728114
0.049229
0.809442
0.927349
-0.750451
-0.791003
-0.173282
0.788670
0.648099
0.758393
0.225892
-0.031453
0.014500
0.058391
0.807447
-0.698805
0.833429
-0.149454
0.112077
0.013621
-0.050290
-0.038889
0.002507
-0.826892
0.008839
0.064614
0.160439
0.912872
0.773111
-0.755812
0.113481
0.050860
0.901117
0.171376
-0.139147
0.779109
-0.981897
0.091178
0.153551
0.240661
0.142800
0.003587
-0.719635
-0.110501
0.063034
-0.641050
0.004953
-0.747657
-0.028113
-0.714290
0.076060
0.776935
-0.189641
-0.850125
0.851610
-0.074356
-0.631222
0.203826
-0.046445
-0.066756
0.195368
0.726182
-0.903605
0.753866
-0.920962
0.641569
0.634039
-0.115938
0.072822
0.079924
0.023206
-0.024777
0.236030
0.021671
0.702192
0.573418
-0.071823
0.075366
-0.826146
-0.059809
-0.023019
0.051841
0.876238
-0.855234
-0.000670
0.059561
-0.832578
0.221071
-0.777013
-0.108778
-0.644857
0.100034
0.745816
0.783523
0.019394
0.560490
-0.883754
-0.805808
0.247086
-0.671362
-0.110552
0.791369
-0.023959
-0.809397
0.621660
-0.118008
0.143506
0.155074
0.753055
-0.590065
0.002974
0.021457
0.956054
0.181995
-0.443407
0.167440
-0.813476
-0.830040
-0.826093
0.636306
-0.084375
-0.690387
0.013139
0.793952
-0.003706
-0.186794
-0.620956
0.753496
-0.902590
-0.658359
0.578780
0.927226
-0.720014
-0.775466
0.104769
0.865515
-0.106610
-0.217733
0.899859
0.858078
-0.065911
0.019729
-0.888613
0.071032
-0.570886
-0.131166
-0.915419
0.109112
0.108642
0.672981
0.049372
0.019362
0.000822
0.719453
-0.901623
-0.771276
0.726839
0.760646
0.854810
-0.909495
0.041609
-0.076524
-0.788790
0.529788
0.019621
0.014626
0.763651
-0.769502
0.838291
-0.049882
0.882583
0.866226
-0.098076
0.149874
0.130782
-0.846526
-0.824584
-0.846836
0.162486
0.214479
0.137803
0.753878
0.225455
0.621497
0.087101
0.173415
0.033388
-0.854018
0.818114
-0.020268
0.692666
0.176167
0.205715
-0.037929
-0.930817
-0.114660
-0.026171
0.108218
-0.900014
-0.191939
-0.038930
0.849079
0.002433
-0.908250
0.776126
-0.002728
0.770652
0.124580
0.676633
0.908382
0.807037
-0.164277
-0.219615
-0.652772
-0.817397
-0.132975
0.046194
-0.014848
-0.097347
0.875027
0.768512
-0.016282
-0.729922
0.611331
0.878953
0.826047
-0.568236
0.058367
-0.888475
-0.595957
-0.036320
-0.048434
-0.214692
-0.083684
0.034678
0.805947
-0.036164
-0.831677
0.033188
-0.666208
0.799184
-0.698504
0.031133
0.076346
0.546203
-0.062499
0.638213
0.200698
0.096938
0.747597
0.829694
0.781322
0.786426
-0.852768
0.046509
-0.794655
0.113804
0.577528
-0.761293
-0.040228
0.193080
-0.106306
-0.005851
-0.608600
0.116006
0.149357
0.068938
0.711636
0.145301
-0.085890
-0.031437
-0.814081
-0.075899
-0.075016
-0.154652
0.235614
0.023242
0.900037
-0.108567
0.174132
-0.771931
-0.666831
0.773061
-0.102256
-0.653504
0.194965
0.788066
-0.849064
-0.182742
-0.565268
-0.832455
-0.867898
0.818313
0.707933
-0.747526
0.908709
0.058351
-0.512631
-0.660976
-0.164672
-0.754508
-0.087989
0.098274
0.822587
0.742250
-0.758108
0.883662
-0.054822
0.519738
0.011318
0.189139
-0.808322
0.023461
-0.052571
-0.222868
0.722701
-0.239120
0.720508
0.614559
-0.791486
0.901963
0.057017
0.139393
-0.760171
-0.670924
0.043313
-0.787420
0.681646
-0.099654
0.791770
-0.005918
-0.747078
-0.129115
0.144639
-0.612597
0.729241
0.023492
-0.693438
-0.907796
0.117661
-0.643176
-0.752055
-0.018118
0.224343
-0.937947
0.242402
-0.836326
0.629552
0.839408
-0.900415
0.086823
0.798337
0.657540
-0.150863
0.764226
-0.692125
-0.025534
0.546334
0.210622
0.652432
0.789891
0.785811
-0.049400
-0.766781
0.774154
0.763374
0.125609
0.798973
0.717138
0.513185
-0.145405
0.121616
0.614141
0.720983
0.925662
0.848216
-0.108867
0.919163
-0.731529
-0.181667
0.868145
-0.127424
0.612507
0.809456
0.053928
-0.904119
-0.107317
0.803863
0.038331
-0.899136
-0.016122
-0.130623
-0.796167
0.592782
0.042240
0.153476
0.240800
0.067680
-0.000039
0.165393
-0.001673
-0.825379
-0.234947
0.774110
-0.924341
-0.687416
-0.794268
-0.690614
-0.063609
-0.025698
-0.050843
0.918676
-0.151382
0.174220
-0.828733
-0.837625
0.733755
-0.037490
0.192960
0.102426
-0.105545
-0.225160
-0.086333
0.107762
0.783071
0.869992
0.672113
-0.222943
0.783773
-0.866463
-0.716601
-0.047778
-0.696743
0.169277
-0.719831
0.841431
-0.790672
0.816378
-0.785771
-0.855130
-0.818099
-0.569584
-0.902240
0.888007
0.263234
-0.695156
0.093137
0.073513
-0.172598
0.084458
0.127335
-0.188079
-0.202822
-0.012120
-0.891438
-0.028021
0.169514
0.825162
0.056409
-0.520710
0.812884
-0.016669
-0.702120
-0.867969
-0.245433
0.044458
-0.698752
-0.116983
0.047700
-0.693986
0.735641
-0.019394
0.184963
0.018032
0.162412
0.063371
0.007050
0.748433
-0.752353
-0.660103
-0.022824
0.037454
0.607426
0.138768
0.100204
0.093713
0.879102
-0.311338
-0.017484
-0.806579
-0.123498
-0.225798
-0.820745
-0.862601
0.265618
-0.058757
-0.141614
-0.459657
0.088760
0.792980
0.711129
-0.118955
0.613743
-0.626135
0.800290
-0.100677
0.242427
-0.009956
0.801471
-0.862660
0.124865
0.888145
0.810264
-0.860580
-0.183761
-0.886160
-0.853333
-0.768534
0.016313
-0.211044
-0.049329
-0.126359
0.704699
-0.026255
0.601148
0.126130
0.916228
-0.828545
0.623011
0.175003
0.763995
-0.154766
-0.171911
0.716045
0.006618
-0.006867
0.265270
0.111472
0.111947
-0.088385
0.017491
0.113065
-0.799463
-0.669705
-0.696336
-0.003888
-0.829004
-0.833224
0.736692
-0.692065
-0.866619
-0.934548
0.008691
0.759938
0.174216
0.725469
-0.048751
-0.864418
0.811007
-0.069581
0.230748
-0.046559
-0.662496
-0.719507
0.142050
0.015965
-0.006553
-0.153151
-0.142844
-0.878808
0.902989
0.255166
0.184611
0.793103
0.781688
-0.719758
0.930346
0.064731
-0.057593
0.937952
0.039316
0.025516
-0.022247
-0.772248
-0.589737
-0.731516
-0.064723
0.362379
-0.024886
-0.216963
0.227058
0.587553
-0.769373
0.851708
0.080699
0.750569
-0.146029
0.206063
-0.586042
0.753813
0.937917
0.043640
0.043115
-0.686995
0.096800
-0.136634
-0.797020
-0.014945
0.000177
-0.858536
0.755198
0.736566
0.122226
0.143746
0.575297
0.138425
0.815603
-0.020025
-0.854885
-0.862482
-0.029250
0.816905
-0.759091
-0.894804
-0.924054
0.790297
0.119306
-0.061344
-0.108490
-0.138755
0.908234
-0.551202
-0.721104
-0.767073
0.790005
0.269041
-0.328054
0.155695
0.857370
0.118400
-0.901184
0.006711
0.216384
-0.026260
0.688565
0.728977
0.069632
-0.781169
-0.869074
0.078790
-0.156016
-0.887893
0.096713
-0.035414
-0.947541
0.858437
0.685345
-0.032580
-0.218155
0.161248
0.794575
-0.873815
0.005472
0.007520
-0.851932
0.827190
0.777577
-0.076384
0.519098
0.559311
0.716127
-0.080792
0.762852
0.870013
0.906110
-0.760235
-0.781680
0.101051
-0.167615
0.830770
-0.650706
-0.601624
0.822286
0.060992
0.759186
0.126798
-0.006214
0.019979
0.916679
-0.818316
-0.060667
-0.141235
-0.933325
0.014369
-0.037435
-0.030413
-0.026990
-0.897502
-0.016354
-0.651241
0.574529
0.900867
0.646283
-0.939434
-0.880069
-0.853224
0.456350
-0.136089
0.063208
-0.034334
-0.178090
-0.143969
-0.630379
-0.850168
-0.011534
-0.271213
-0.677097
0.862192
0.767253
-0.085660
-0.855594
-0.852820
0.751860
-0.770739
-0.125451
-0.840455
0.835754
0.547381
0.852584
-0.052384
0.706595
0.227861
-0.188096
0.085325
0.760585
-0.659652
0.127870
0.135471
0.040943
0.810732
0.673940
0.114374
0.125502
-0.068660
0.617725
0.033821
0.807477
-0.888128
0.011301
0.928795
-0.260378
-0.113622
-0.088996
-0.845579
-0.754317
0.301940
0.806100
0.139391
0.766589
-0.587916
-0.817859
-0.823893
0.082876
-0.322937
0.739561
-0.915807
-0.010391
0.060425
-0.089273
0.095959
-0.617574
-0.209240
0.160254
0.004234
-0.070597
0.909137
0.851285
0.745677
0.796717
0.846556
-0.073184
-0.838512
-0.680141
-0.109706
-0.116919
-0.084499
-0.069778
0.071080
-0.260672
-0.080251
-0.156103
0.892793
-0.055988
-0.212099
-0.691203
0.111007
0.058866
0.167139
-0.102890
-0.772967
-0.029091
-0.818930
-0.773084
-0.086645
0.469315
-0.012962
-0.827841
-0.749648
0.791398
0.589916
-0.082629
-0.837868
-0.189747
-0.873072
-0.713059
0.724935
0.599213
-0.137267
0.028257
-0.006723
-0.844410
0.454123
-0.618591
-0.621076
0.895079
0.742075
-0.053615
-0.180366
-0.195086
0.074925
0.630474
0.902153
0.782661
-0.094132
0.740346
-0.109148
0.881032
0.099885
-0.577317
0.764385
0.878276
-0.708012
0.861697
0.856179
-0.836919
0.028689
0.707813
-0.828926
-0.719203
0.120755
0.652360
0.005895
0.872438
-0.063038
0.120068
-0.022792
-0.039747
0.772576
-0.839816
0.526214
-0.682573
-0.919107
-0.015728
0.873121
0.117813
-0.031738
-0.019382
0.572975
0.070979
0.840316
0.732515
-0.164444
-0.091511
-0.048477
-0.855258
0.035660
0.783115
-0.798044
-0.149313
-0.800811
-0.134275
0.830003
0.244734
-0.706475
0.063949
-0.038113
-0.892891
-0.165393
-0.225905
0.927284
-0.829566
0.024712
-0.737675
-0.830834
0.742064
-0.153142
0.718450
0.181362
0.772158
0.878951
-0.832658
0.828758
0.059768
0.784011
0.880433
-0.649993
-0.676518
-0.096962
-0.150743
-0.149837
-0.618336
0.002614
-0.149083
-0.802280
-0.729146
0.851950
-0.714669
0.212445
-0.514056
-0.642675
0.014775
0.169100
0.768406
-0.048841
0.111572
-0.186997
-0.115095
-0.047748
-0.797372
-0.088105
-0.750264
0.739064
-0.040045
-0.834224
-0.157723
-0.090375
-0.899303
-0.066550
-0.008752
0.856444
0.301781
0.859675
-0.881977
-0.840435
-0.117958
0.002353
-0.071689
-0.813792
-0.128527
0.005947
-0.108183
0.067080
0.024018
-0.592403
-0.915023
-0.181368
0.814551
-0.745410
0.105622
0.148874
0.772999
-0.945368
-0.082097
-0.647854
-0.833819
-0.657109
0.145871
0.027484
-0.853662
0.745728
-0.819897
0.782194
0.849420
0.446935
-0.087337
0.336585
-0.139461
0.776324
-0.102105
0.660147
-0.713247
-0.832192
-0.025693
-0.077097
-0.840395
-0.491294
-0.071606
0.824304
0.183301
0.756275
0.066229
-0.620352
0.060470
0.846674
-0.183482
-0.032592
-0.732946
0.827816
0.011151
-0.066590
-0.067263
-0.788023
0.771436
-0.644986
0.771925
0.833656
-0.734250
0.051997
0.800026
-0.025354
0.829739
-0.053417
0.747289
-0.818407
0.025991
-0.683980
-0.846287
0.436005
-0.182865
0.751938
-0.676773
-0.222058
-0.591561
-0.877131
0.069954
-0.139355
0.609170
-0.278255
-0.900828
-0.089399
0.040147
0.087793
0.041232
0.043816
0.070622
-0.891960
-0.763455
-0.904910
-0.694475
0.822238
0.003028
-0.092194
-0.772446
-0.874818
0.023318
-0.773544
-0.967438
0.024829
-0.332894
0.141228
0.024471
-0.239451
0.140318
0.080012
-0.014551
0.026494
0.125186
-0.808564
0.817617
0.241761
0.152335
0.803174
-0.070911
0.039571
0.135480
-0.694621
0.043680
0.964321
-0.196486
-0.111307
0.735500
0.841208
-0.126776
-0.154236
-0.014643
0.753690
-0.878044
0.149252
-0.614327
0.803342
-0.019136
-0.818170
0.084306
0.136488
0.825082
0.066499
0.858525
0.123351
-0.001579
0.037703
-0.853674
-0.115703
0.099977
-0.678501
0.134771
0.123760
-0.661294
-0.766331
-0.039362
-0.823919
-0.967485
0.044385
-0.174433
0.012995
0.032190
0.100177
0.861421
-0.838483
0.266064
0.903450
0.817353
0.147681
0.116089
0.866239
0.240920
-0.134104
0.698594
-0.197648
0.016059
0.782455
-0.759584
0.078782
0.106945
0.775580
-0.637865
-0.902732
0.048559
-0.755525
0.826446
-0.112554
-0.037714
0.062209
0.193806
-0.088042
0.574784
-0.762640
0.074710
-0.757996
0.831863
0.754194
-0.018843
-0.147296
-0.626872
-0.913556
0.703816
-0.104818
-0.858215
0.921800
0.856983
0.040106
0.836658
0.869314
-0.647930
-0.075959
0.097710
-0.029834
-0.615373
0.070731
-0.131910
-0.224414
-0.002625
-0.495170
0.119867
-0.040895
-0.021934
0.702735
-0.176770
0.172560
-0.677715
0.097439
-0.891729
-0.221386
0.035168
-0.033468
-0.620625
0.586419
-0.840511
-0.045674
0.035234
0.855557
-0.131072
-0.774932
0.255787
-0.736346
0.614173
-0.852748
0.773886
0.835946
-0.072740
0.080197
-0.167202
0.866464
-0.876804
0.920931
-0.722119
0.046870
-0.033177
0.613940
0.890904
0.925878
0.863755
0.039158
0.025750
0.876904
0.119126
0.079751
0.713857
-0.028122
0.942116
-0.746972
0.174220
-0.066820
-0.660298
0.013941
-0.853395
0.065665
-0.733277
-0.204357
0.208292
-0.432976
-0.817623
0.007174
0.082134
-0.000545
0.672659
0.123373
-0.612597
-0.176811
0.775552
-0.063952
0.867783
0.355003
-0.090508
0.096483
0.139878
0.139152
-0.868948
-0.670136
-0.010328
0.031781
0.783747
0.045473
-0.694076
-0.162696
-0.049597
0.707727
-0.038849
0.777540
0.294037
-0.848157
-0.019610
-0.000965
0.094784
-0.874273
-0.095800
0.715970
0.850885
0.892257
-0.765188
-0.844555
0.783594
0.723927
-0.004016
0.859870
0.592194
-0.079351
-0.177833
-0.073521
0.958904
-0.042248
0.870408
-0.827777
-0.124366
0.130282
-0.000015
0.158883
-0.542619
0.713170
0.880111
0.884381
0.677052
0.618121
-0.091407
0.051702
-0.039064
-0.678753
0.121143
0.754823
0.219627
-0.841769
0.724032
0.045163
-0.031324
-0.722845
0.866655
-0.116602
-0.822730
-0.006895
0.741321
0.013455
-0.419990
0.548546
0.907079
-0.712835
-0.677348
-0.187939
-0.208327
-0.085658
-0.132308
0.120822
-0.108434
-0.662570
-0.096174
-0.204782
0.063093
-0.064811
0.858931
0.036741
-0.845178
0.073984
-0.033352
-0.130064
0.920463
-0.845673
-0.092006
0.115019
0.074793
-0.072581
0.135188
-0.818357
-0.735070
-0.828451
-0.852824
-0.106267
-0.105669
-0.067692
0.884767
0.096179
0.013257
0.717068
0.166447
0.172853
0.015520
-0.887923
-0.223605
-0.060469
-0.714198
-0.102830
-0.210670
-0.868059
0.041501
-0.207407
-0.809732
0.159462
0.643447
-0.578424
0.362157
-0.786871
-0.088772
0.055760
0.088554
-0.552996
0.848601
-0.634652
0.765342
0.753512
0.803760
-0.023650
0.114892
0.015050
0.000032
-0.079707
0.793794
0.732881
-0.046031
0.863451
-0.717934
-0.007917
-0.046116
-0.006576
0.838396
0.805694
-0.121547
-0.119070
-0.250019
0.167461
0.061049
-0.095465
-0.082573
-0.154911
0.886024
-0.938373
-0.178013
0.589419
0.367050
0.079003
-0.004158
0.102489
-0.902722
0.064618
0.805692
0.158381
-0.899788
0.040902
0.694288
0.054960
-0.814103
-0.212833
-0.928153
-0.259936
0.807418
0.165396
-0.688804
-0.500072
-0.107311
0.207433
-0.598703
0.281480
-0.710791
0.131463
0.869364
-0.035736
0.787304
-0.147565
-0.018707
-0.847437
0.174603
0.698842
0.815948
0.830488
0.615954
0.753367
-0.723738
0.813512
-0.003955
-0.905517
-0.790432
0.676624
-0.212431
-0.121498
-0.133545
-0.849129
0.128303
0.809531
0.001136
0.170451
0.216202
0.729418
0.193017
-0.718586
0.169602
0.079508
-0.080385
-0.097185
0.482590
-0.782190
-0.872500
0.010446
-0.261679
0.204579
-0.560766
0.026357
-0.262244
0.751330
0.045587
0.895786
-0.052850
0.210799
-0.918668
0.089299
0.811425
0.157498
0.736776
0.662792
-0.017466
-0.776324
-0.089131
-0.008317
-0.056576
0.870385
-0.837878
0.712295
0.775388
-0.776560
-0.044494
-0.763085
-0.838520
0.005646
-0.246663
0.099560
-0.052001
-0.006858
0.733666
0.601837
-0.126661
-0.098149
-0.158027
0.876804
-0.016489
-0.825024
0.018001
-0.872858
-0.095475
-0.705525
-0.066751
0.255310
0.901600
-0.016304
0.702158
-0.875480
-0.676458
-0.858765
-0.241644
-0.001777
-0.716709
0.787365
-0.023471
-0.064453
0.025552
0.143732
0.296304
-0.239048
0.790630
-0.250855
-0.816885
-0.813308
0.145503
-0.177036
-0.037381
0.736746
0.743876
0.692048
0.764664
-0.034604
0.049486
-0.893895
0.946624
-0.845458
-0.120876
0.826327
-0.163676
0.019233
0.733723
0.157905
0.118419
-0.042014
-0.902790
-0.707022
0.734278
0.214329
0.115847
-0.172362
0.114466
0.133670
-0.683098
-0.015974
-0.733300
0.120620
-0.891825
0.173675
-0.212248
0.703843
-0.775007
0.802332
-0.049775
-0.712394
0.744350
0.876257
-0.188759
0.040534
-0.057543
0.139805
-0.822772
0.100294
-0.076479
-0.765080
-0.708301
0.024204
0.055526
-0.889919
-0.037173
-0.078150
0.140572
-0.170533
-0.084586
-0.079399
0.805753
-0.751233
0.054262
0.139812
-0.870143
0.856685
-0.760262
0.217896
-0.862691
-0.071661
0.225748
0.159255
0.838668
-0.631786
0.738596
-0.334609
0.639142
-0.795107
-0.040908
0.066532
-0.102675
-0.601061
0.121395
-0.762337
0.707116
-0.834626
-0.876119
0.129351
-0.038347
0.150251
0.295501
0.146724
0.790513
0.141200
-0.676595
-0.097036
0.750296
0.073126
-0.899334
0.103265
-0.848689
-0.192034
-0.107194
-0.078356
0.770534
0.040956
-0.629744
-0.801493
-0.713852
0.645061
0.740630
-0.115663
0.568726
-0.022534
0.055236
-0.080932
-0.925526
0.837874
0.175823
0.844808
0.037601
-0.655529
0.912129
0.877672
0.013842
0.016470
-0.737818
-0.049567
0.784235
0.067006
0.076629
0.831824
0.836337
-0.158614
0.908672
-0.687662
0.752507
0.042314
-0.169562
-0.903323
0.727677
0.841843
-0.150688
0.533706
0.091540
-0.687292
-0.017483
0.813644
-0.096100
0.779598
0.835088
0.850494
-0.793753
-0.374226
-0.669032
0.708550
0.771114
-0.799036
-0.065860
0.752611
0.856659
0.632153
0.080465
-0.690168
0.739721
0.168487
-0.736541
0.789809
-0.712155
-0.023158
-0.036255
-0.328871
-0.155817
-0.077995
0.813332
-0.715588
0.747251
0.712809
-0.034447
0.032979
0.806283
0.778772
0.690339
0.031981
0.714308
0.171561
0.880418
-0.113869
0.819680
-0.160181
0.080482
-0.149631
-0.075679
0.806731
-0.092508
-0.604651
0.131296
-0.713264
0.816868
-0.013517
-0.649569
-0.041598
0.091216
0.724791
-0.840624
0.726883
0.140522
-0.644411
0.902271
-0.223589
0.651757
-0.773503
-0.056454
-0.897896
0.586388
0.739156
0.846385
0.059558
0.223055
-0.611327
-0.892361
-0.883591
-0.532495
-0.073940
-0.902801
-0.589537
-0.232092
0.063224
0.226819
0.817056
-0.603949
-0.122181
-0.673352
-0.909567
-0.700069
0.141959
-0.898101
-0.048645
0.510282
-0.209861
0.679431
0.024261
-0.151281
0.536735
-0.833397
-0.109585
-0.563278
-0.605491
0.955563
0.775140
0.173863
0.000054
-0.759378
-0.634757
0.710773
0.877027
-0.030652
-0.929629
0.712215
-0.916126
-0.016257
-0.864557
-0.102654
-0.845024
0.163699
0.170915
-0.161877
-0.872336
0.026461
0.692748
-0.052852
0.961237
-0.765346
-0.029943
0.548533
0.428072
-0.030573
0.013760
-0.837461
-0.075087
0.033871
-0.403147
0.829725
0.842143
0.004417
-0.619637
-0.022224
0.086873
0.070836
0.120796
0.827558
0.074814
0.792330
-0.660899
-0.067065
0.157547
0.864491
0.083307
0.833454
-0.057361
0.842826
0.725619
-0.700843
0.717788
0.137237
-0.887175
-0.566280
-0.694933
0.204780
-0.924660
-0.309233
0.770055
-0.860143
-0.731460
0.879468
0.604667
-0.573962
-0.087005
0.127708
0.699368
0.027089
-0.698222
-0.641033
0.642295
0.026272
0.813665
0.858499
-0.664938
-0.142163
-0.813653
0.754783
0.697354
0.002750
0.282088
0.477641
0.087994
-0.624365
0.879484
0.916728
-0.275890
-0.006210
-0.307448
0.007204
-0.087953
0.138633
0.768503
-0.028371
0.768447
0.037591
-0.589352
0.018596
0.902160
-0.886197
-0.093624
0.110721
0.011497
0.801586
-0.702816
0.571289
0.012220
0.046761
-0.807890
-0.836376
0.736375
0.836096
0.273449
-0.821853
0.034660
0.280590
0.073156
-0.969159
-0.010071
-0.013004
-0.214485
0.886072
-0.050517
-0.111303
-0.038399
0.899816
0.025716
-0.901419
-0.015224
0.763358
-0.011165
-0.078851
-0.773055
-0.019087
0.706832
-0.604203
0.778295
-0.822083
-0.113436
-0.862673
-0.092463
0.918832
0.768023
-0.099744
-0.087777
0.056214
-0.851398
-0.088785
0.056444
-0.075657
-0.649826
-0.740526
-0.217489
-0.835857
-0.170216
0.035210
0.785750
0.267025
0.086622
-0.619282
0.729442
0.167359
-0.216092
-0.081637
0.899058
0.119752
0.831385
0.848683
-0.074844
0.070487
-0.213614
0.018705
0.107405
0.796712
0.140417
-0.145744
0.675224
-0.344792
0.613730
0.200658
-0.111616
0.062953
0.029523
-0.138066
0.916067
0.773427
0.146565
0.224389
-0.046468
0.142951
-0.114129
0.231357
0.028690
-0.883226
0.241874
-0.817998
-0.205520
0.128417
0.682030
0.932246
-0.803453
0.728020
0.814729
-0.810288
0.105967
0.183073
-0.035338
-0.852902
0.184084
-0.854870
0.563181
-0.938558
-0.897586
-0.882920
0.905782
0.016475
-0.007952
-0.628156
0.474417
-0.000842
0.654551
-0.886091
-0.593682
0.562277
-0.669412
-0.044377
0.013130
-0.851283
-0.842720
-0.007812
0.152849
0.048012
-0.008961
0.619154
0.090233
-0.288858
0.794959
-0.150978
0.849097
-0.111825
-0.707136
0.075266
-0.718886
0.076401
0.875417
0.758368
-0.810474
0.698119
0.788883
-0.900261
-0.117352
0.215296
-0.786200
0.015815
0.041774
-0.079222
0.745799
0.043651
-0.014502
-0.481564
0.189329
-0.686537
-0.777367
0.286476
0.595865
-0.903574
-0.618387
0.773088
0.821974
0.045084
-0.828198
-0.966792
0.009026
-0.822448
0.148137
0.747768
0.881850
0.016619
0.233905
0.660805
-0.139567
0.842969
-0.767466
-0.722549
-0.663341
0.080331
-0.653308
-0.201928
-0.767659
-0.114034
0.620137
-0.102170
0.715272
0.182482
-0.772739
-0.865520
0.734468
0.102566
-0.832093
0.849120
0.696411
0.094470
0.636220
-0.095152
-0.852638
-0.169479
-0.801841
0.680492
-0.767576
-0.761785
-0.154982
-0.006154
-0.685173
-0.286031
-0.870447
0.531877
-0.766790
0.435965
0.876241
0.274284
-0.740518
0.041095
0.816308
-0.046307
0.159328
0.757427
0.758786
0.009753
-0.208892
-0.790587
-0.073350
-0.074701
0.623153
0.942765
0.851278
-0.827396
-0.677405
-0.103256
-0.101216
0.198018
-0.026562
0.006199
-0.061306
-0.721749
-0.033554
-0.054052
-0.061261
-0.765639
0.059743
0.147802
0.106112
0.743362
-0.078098
-0.033312
0.652887
-0.023182
-0.919381
0.787731
0.868712
-0.139893
0.199317
0.027222
0.079453
0.741145
-0.064146
-0.646132
-0.762166
-0.807846
-0.668383
-0.880624
0.137737
0.002411
-0.181120
0.791450
0.219932
-0.748278
-0.112014
-0.123146
0.779823
0.696473
-0.031549
0.736832
0.175131
-0.895063
-0.709079
-0.093389
-0.723913
-0.679463
0.611887
0.768007
-0.187488
-0.066347
0.177945
0.123613
0.916336
0.065311
-0.059104
-0.049027
-0.757192
0.792472
-0.833042
0.673906
0.883787
-0.130557
0.764587
0.730044
-0.874543
0.894868
-0.731001
-0.733641
0.811578
-0.020244
-0.070265
-0.816062
0.722517
0.748049
-0.458145
0.055210
-0.644663
0.920477
-0.075198
0.248277
-0.790675
-0.715308
0.766725
0.251656
-0.921321
-0.769903
0.761607
-0.077282
-0.827722
-0.113626
0.032190
-0.020171
-0.099478
-0.849316
0.065547
-0.629859
-0.000915
0.180177
0.727395
-0.099773
-0.796155
-0.006993
0.027163
-0.820811
0.015930
0.011101
-0.124357
-0.823378
-0.156623
-0.818513
0.086649
0.154070
-0.486525
0.257505
0.068577
-0.819633
-0.163804
0.843536
-0.718887
0.133857
-0.054119
0.070909
-0.709188
-0.137797
-0.720468
0.806905
-0.828071
-0.065430
0.061583
0.166879
0.007690
0.103781
0.008977
0.897268
-0.775517
0.964974
-0.834592
0.605637
0.225499
-0.083182
0.905557
-0.028585
-0.115104
0.137277
-0.834190
0.146457
-0.236638
0.909692
0.016745
-0.850657
0.717155
-0.062630
0.663607
-0.119485
-0.022795
-0.698367
0.797210
-0.015162
-0.138821
0.671278
-0.118570
0.767021
-0.828999
0.044944
0.142362
-0.843354
0.818217
-0.796569
-0.642979
0.025598
-0.213789
-0.671169
0.842885
0.216112
-0.767796
0.955375
-0.630921
-0.916294
-0.931829
-0.233732
-0.097668
-0.024435
-0.907919
0.583740
-0.562602
0.017726
0.858834
0.830334
0.824389
-0.829509
-0.924234
-0.801312
-0.094516
0.639214
-0.866511
0.614034
0.184133
0.312570
0.003983
0.142799
-0.251946
0.046430
-0.675461
-0.707705
0.018253
0.732827
0.016657
0.742866
0.654594
0.646051
-0.846315
-0.179684
-0.570950
-0.830362
0.801489
-0.264487
-0.696753
0.007998
-0.901317
0.162537
0.812093
0.050046
0.892301
-0.188147
-0.851950
0.865740
0.011319
-0.062690
0.119747
0.782211
0.038642
-0.174912
-0.191936
0.168212
-0.032534
-0.070584
-0.106126
0.076459
0.056204
-0.025688
0.208022
-0.111113
-0.841933
0.844445
-0.017819
-0.865380
-0.199755
0.124274
0.703391
0.017813
0.831287
0.081665
0.335055
-0.157270
0.027311
-0.673960
0.759051
0.186928
-0.711314
0.740761
0.742163
0.880770
-0.135229
0.107814
-0.028388
-0.647749
0.253401
-0.206140
-0.045783
0.733495
0.200029
0.608198
0.063424
0.151351
-0.091653
0.099201
-0.199435
0.045436
0.216113
-0.732023
0.603026
-0.064130
-0.005826
0.660334
0.934178
-0.010293
0.824952
-0.716632
-0.676106
0.696070
-0.723443
0.859981
0.051396
0.735472
0.076320
-0.197506
-0.717147
-0.130776
0.814895
0.792651
-0.178048
-0.631557
0.100515
-0.157852
-0.078590
-0.616808
0.647847
-0.144695
-0.242941
0.792885
-0.155042
-0.767008
0.033741
0.831294
-0.818434
0.740255
0.085942
-0.128402
0.130323
0.815027
0.011227
-0.541010
0.048591
-0.004119
-0.626151
-0.031103
0.579510
-0.027094
-0.149311
-0.023676
0.877393
0.749284
0.014980
0.196346
-0.175576
-0.705798
-0.611560
0.736974
0.142193
-0.704054
0.910381
-0.144100
0.814573
-0.045235
0.044417
0.790888
-0.616991
0.631984
-0.143220
0.005116
0.062665
-0.796634
-0.007146
-0.722143
-0.763272
-0.853542
-0.050304
-0.622748
0.069137
-0.867438
0.785664
0.070104
0.119794
-0.072921
-0.757198
0.047385
0.835341
0.064099
0.282882
-0.129674
0.002852
-0.892314
-0.750574
0.547418
-0.922372
-0.782591
-0.769851
-0.074024
0.033560
-0.134491
0.137687
-0.157345
-0.071069
-0.614868
-0.010690
0.133916
-0.228704
-0.910082
-0.076609
-0.756998
0.048422
0.259964
0.144712
-0.044240
0.898598
-0.172890
0.595055
-0.661269
0.846353
0.830688
-0.060629
0.787301
-0.011317
-0.195089
-0.078972
0.035852
0.189721
0.708797
-0.931597
0.703338
0.857613
-0.167168
0.922472
0.661415
0.103870
-0.665158
0.570551
-0.089418
0.650410
-0.230348
-0.103624
0.115920
0.379991
0.500425
-0.790830
0.908792
-0.100292
-0.642866
0.646031
-0.089376
-0.779995
0.878012
-0.467897
-0.939715
-0.043921
-0.789963
-0.077112
-0.827006
-0.864789
0.060307
-0.012786
-0.718253
0.060998
-0.637141
-0.602169
0.260046
0.267111
-0.785544
-0.668864
0.809837
-0.904756
0.038463
-0.709130
-0.111561
0.032772
0.830214
-0.117662
0.921944
-0.231784
-0.624594
0.058389
0.169493
0.680839
0.571369
-0.084091
-0.634377
-0.777073
-0.080833
-0.091338
-0.596446
0.040726
0.034651
-0.863769
-0.107627
0.035383
-0.140088
-0.111019
0.907004
-0.010191
-0.775812
-0.768312
-0.010398
-0.093480
0.644873
-0.605368
-0.122512
-0.763204
0.891928
-0.744072
-0.014468
0.645732
-0.837037
0.048873
-0.060776
-0.655069
0.125436
0.717494
-0.030327
-0.092266
-0.015518
0.844493
0.129106
-0.100822
0.668211
0.702171
-0.676946
0.853196
0.853366
0.907732
0.685094
0.643799
0.802541
-0.040959
-0.072918
0.043328
-0.046988
-0.005987
0.608740
0.028107
-0.635835
0.066764
-0.807939
-0.255093
0.744808
-0.206865
-0.690385
-0.790213
-0.306429
-0.777395
0.701622
-0.826825
0.038442
0.791178
-0.164674
0.015279
0.162303
0.062694
-0.149372
-0.797541
-0.677078
-0.828736
0.103443
-0.920113
0.736076
0.768602
-0.526772
0.073286
0.026396
-0.152659
-0.910832
-0.208977
-0.466166
-0.010359
-0.726358
-0.018181
0.105193
0.029067
-0.206122
-0.090885
0.807251
0.519685
-0.660308
0.501918
0.892546
-0.870586
-0.814043
-0.097566
0.626814
-0.821858
0.011439
0.017022
-0.895294
0.029706
-0.107722
0.890918
-0.563951
-0.018679
-0.027765
-0.782116
0.014520
-0.028339
-0.011864
-0.093174
0.747227
0.779272
-0.949919
-0.070660
0.741629
0.012176
0.014728
-0.851267
-0.087907
0.046607
-0.232422
-0.801859
-0.794004
-0.147051
-0.877915
0.882976
0.103619
-0.027248
-0.656603
0.156054
0.014354
0.284813
-0.806397
-0.761275
0.125978
-0.093693
0.776667
0.235603
0.941387
-0.761876
-0.061611
-0.039470
-0.543939
0.771926
0.087903
-0.880635
0.007856
0.028059
-0.157824
-0.506341
0.899882
-0.210857
-0.713213
-0.077661
0.182520
0.786390
-0.777702
-0.647731
0.743646
-0.053935
0.940931
0.836760
0.017705
-0.875819
-0.749021
0.014984
0.102358
-0.153735
-0.133575
-0.070032
-0.897749
-0.105293
-0.565642
-0.657116
-0.846030
0.077544
-0.786627
0.035364
0.569391
0.800527
0.093172
0.725295
-0.735928
0.159887
-0.019421
0.039850
-0.908627
-0.908781
0.488518
-0.785318
0.261496
-0.141162
0.800422
0.169311
0.069629
-0.893970
-0.158143
0.063230
0.856872
-0.766945
-0.853242
0.876673
-0.020993
0.078446
-0.022245
0.734403
0.729661
-0.156631
0.198679
0.040341
0.673737
-0.172320
0.023419
-0.026075
-0.209095
0.233424
-0.892033
0.158904
-0.771810
-0.648072
-0.010355
0.772476
0.235474
-0.068917
0.020380
0.689131
0.016311
0.830475
-0.727677
-0.582366
-0.174051
0.090594
-0.154181
0.168210
-0.057507
-0.065137
0.304956
-0.292220
-0.170449
-0.046636
0.108918
-0.753284
-0.277961
-0.847513
0.039798
0.094387
-0.071889
0.039763
0.857040
-0.089657
0.745872
-0.824070
0.745139
0.077049
-0.078288
0.101550
-0.782708
-0.024675
-0.035780
0.615014
-0.839184
-0.070547
0.831595
0.732009
0.784233
0.197987
0.253186
-0.665736
-0.138392
-0.887821
-0.173959
0.884050
0.158331
-0.784245
0.651224
-0.132657
-0.146493
-0.935360
0.851689
-0.817178
0.714129
0.170317
0.099598
-0.005158
0.784589
0.756177
0.098573
0.044653
-0.111538
-0.751428
-0.809896
-0.920560
0.072636
0.683933
-0.266770
0.141207
-0.071258
-0.022457
0.879981
0.817040
-0.017059
-0.786172
0.605526
-0.663489
-0.637301
-0.820710
-0.818046
0.711477
-0.693234
-0.785056
-0.068991
-0.028221
-0.756657
0.074160
0.785137
-0.167105
-0.675274
0.279820
-0.104780
-0.024921
0.007759
0.891373
-0.205899
-0.738985
-0.493589
0.104821
-0.556519
0.638232
-0.170850
-0.044762
0.829838
-0.026701
0.083990
0.788370
-0.024223
-0.861033
0.233475
0.635568
-0.786298
0.575494
0.823905
0.643390
-0.210142
0.017667
-0.907541
0.860495
-0.828177
0.036557
-0.032116
0.266598
0.823570
-0.667676
0.081035
0.050059
-0.920852
-0.702734
0.733739
0.084590
-0.777417
0.726990
0.110568
-0.636996
0.883354
0.202647
-0.872808
0.819056
-0.789574
-0.784898
-0.120087
0.829951
0.635574
-0.675982
0.042889
0.709433
0.021774
-0.046154
-0.130688
0.843556
-0.001366
-0.025763
-0.887449
-0.217049
-0.829562
-0.667390
0.708796
-0.719782
-0.684105
-0.851548
0.005557
-0.861284
-0.055428
0.787067
-0.317823
-0.790868
0.769513
-0.798542
0.786571
-0.134004
-0.122831
-0.790576
0.767976
-0.034061
0.835657
0.805130
0.107265
-0.883804
0.225270
-0.005297
0.092514
-0.062706
-0.802608
-0.737710
-0.826801
-0.080623
0.787067
0.719061
0.678457
-0.058184
0.908467
0.046425
0.875450
0.672401
-0.077218
-0.141045
0.653009
0.852854
0.019530
-0.790655
-0.908152
-0.021795
-0.868938
-0.052774
-0.132950
0.143567
-0.005497
-0.301970
0.711018
0.732319
0.521978
0.527686
-0.112415
-0.815374
0.003189
-0.036070
0.730135
0.064795
0.930266
-0.811147
0.048199
-0.125821
0.788384
-0.884950
0.191452
0.082617
0.682005
0.706511
0.143161
0.055488
0.922846
-0.044016
0.107692
0.048062
0.067208
0.286807
0.864024
0.724112
0.140116
0.051659
0.121713
-0.132745
0.252152
0.102398
-0.122366
0.756430
-0.184576
0.103945
-0.043128
-0.662315
0.039551
-0.056153
-0.941323
0.869621
0.833821
0.647405
0.011011
-0.188105
0.757241
0.000880
0.022626
-0.906816
0.134609
-0.569053
0.076095
0.004403
0.667320
-0.039336
-0.747718
0.228662
-0.066610
-0.457459
-0.786586
-0.595284
-0.046951
-0.792251
-0.246227
0.707905
0.082685
0.696350
0.696826
0.121638
-0.855558
-0.122115
0.130084
0.026720
-0.087207
-0.029379
-0.096851
0.173650
0.017767
0.001366
-0.560637
0.859611
-0.064407
-0.129987
-0.646602
0.325620
-0.190008
-0.699851
-0.790502
-0.016272
0.089233
-0.611026
0.038091
-0.050377
0.897330
0.108851
0.027016
0.054280
-0.907903
-0.848195
0.426886
-0.106647
0.760811
0.511783
-0.558092
-0.550946
-0.729796
0.797406
-0.399092
-0.070540
-0.191468
0.724032
0.613386
0.845709
-0.131102
-0.171788
-0.843148
-0.811885
0.229039
0.937172
0.014427
-0.730323
0.753425
-0.155077
-0.794963
-0.037173
0.063397
-0.172286
-0.692967
0.810982
-0.772173
-0.830208
0.873563
0.605600
0.015590
-0.793041
0.030758
0.904585
0.643079
0.654947
0.046199
-0.674129
0.576784
-0.106053
0.092032
-0.154287
0.851113
0.019595
0.044188
0.013147
-0.103228
0.142848
-0.970350
-0.616184
-0.718456
0.065372
-0.094096
-0.803872
0.887351
-0.015073
-0.301288
-0.099305
-0.097355
-0.032736
0.080989
-0.020910
-0.041989
0.749958
-0.793278
-0.003498
-0.912662
-0.129104
-0.789163
0.051053
0.616635
0.159770
-0.375751
-0.680866
0.123526
0.626449
-0.125872
0.079280
-0.776215
-0.046138
0.099605
0.297740
-0.895809
0.684968
0.723770
0.508003
-0.697838
0.896693
-0.188434
0.040809
0.861644
-0.796537
0.727365
-0.730211
-0.089261
0.148167
0.083920
0.109629
0.802478
-0.047938
-0.560978
-0.109067
0.040675
0.754407
0.838242
-0.006228
0.025289
0.035096
0.170453
0.070152
0.617473
-0.139685
0.650675
-0.775362
0.118797
0.051160
0.098717
-0.034285
-0.155765
-0.025970
-0.226636
-0.874933
0.799941
-0.075586
-0.790075
-0.113404
0.574584
0.011212
0.034343
-0.786195
0.817293
-0.059898
0.665020
0.032740
-0.509731
-0.030854
0.194455
0.071850
0.762831
0.760227
-0.917776
-0.049473
-0.038875
0.193205
0.054742
-0.054394
-0.065477
0.171413
0.801918
-0.520518
0.236336
0.178464
-0.738413
0.043055
-0.070621
0.869094
0.790875
0.059744
0.597439
0.009005
0.736909
0.222457
-0.816315
0.832660
0.579958
-0.007490
0.790956
-0.710052
0.818886
-0.577188
0.032026
0.796828
0.151646
0.027469
-0.069794
-0.149830
0.213908
0.154499
0.807707
-0.010938
-0.699325
-0.143250
0.922689
-0.172616
0.439034
0.000539
-0.027071
0.823596
0.834231
0.619261
-0.773319
-0.804051
0.137573
-0.067898
0.302467
0.525110
0.789832
0.027766
-0.117775
0.195153
-0.859984
0.126783
-0.074942
-0.098861
-0.062941
0.042710
0.160552
0.135906
0.002623
0.166408
-0.004444
0.696358
0.822792
0.095808
-0.223719
-0.679686
-0.094301
0.758719
-0.062954
-0.006009
-0.003877
-0.266191
-0.048160
0.902022
-0.293423
0.767105
-0.095218
-0.640806
-0.039355
0.063064
-0.807076
0.771716
0.861715
0.527402
-0.801859
0.885397
-0.887885
-0.868900
-0.910476
-0.005290
0.863071
-0.965926
0.725204
-0.051526
0.776158
-0.133031
0.712263
0.618042
0.900982
0.898384
0.050125
-0.223891
-0.716945
0.066420
-0.014199
-0.669270
-0.892212
0.123365
0.807900
-0.616702
-0.064188
0.759362
0.861540
0.016818
0.198764
-0.526848
0.668752
0.847092
-0.043620
0.067490
-0.056695
-0.849885
0.794599
0.816413
-0.925319
-0.161874
-0.781952
0.066617
0.674901
0.132317
0.903119
0.027447
-0.749206
0.724411
-0.911913
-0.017663
0.889522
-0.037510
-0.064933
0.747588
0.724925
0.663085
-0.600198
0.659183
-0.095498
0.811967
-0.081977
-0.037475
0.893448
0.046574
-0.799383
0.885111
0.753431
-0.888738
0.881079
0.762385
-0.032199
0.623887
0.812042
-0.844545
-0.890397
0.194054
0.156023
-0.260400
-0.870396
0.887589
-0.081263
0.788057
0.003507
-0.134537
0.576125
0.013510
-0.187423
0.844918
0.896062
-0.848035
-0.037312
0.824630
0.215153
0.130982
0.030854
0.222085
-0.792382
-0.574144
-0.878278
0.833822
-0.034467
-0.280307
-0.905039
-0.200630
0.863634
-0.063302
-0.713405
-0.865994
0.012172
0.085961
-0.690975
-0.042589
0.089692
0.013436
-0.836835
0.773326
0.813299
0.114445
0.130540
-0.861975
0.763292
0.124522
0.000658
-0.852129
0.309294
-0.258847
0.080642
0.027224
0.743693
-0.030970
0.860711
0.697116
-0.918700
0.176683
0.772797
0.067295
-0.116702
-0.607394
0.074493
-0.803129
-0.594888
-0.098529
0.026749
-0.842632
0.068391
0.778587
-0.708262
-0.075096
-0.884570
-0.170308
0.882998
0.646337
0.662047
-0.848545
-0.003145
0.039570
-0.831838
0.079457
0.821079
0.073193
0.778015
-0.120272
0.061387
-0.705699
-0.040020
0.267182
-0.875609
0.084233
0.788707
-0.102603
0.857031
0.758970
0.012481
-0.000098
-0.118492
-0.065946
-0.708424
0.107507
-0.769885
0.161141
0.720183
0.068455
-0.815270
0.598901
-0.793477
-0.073216
-0.667059
0.869823
-0.261584
0.142578
0.862495
0.571840
0.184542
0.202201
0.065649
0.007495
0.685403
0.818411
0.633101
-0.149092
-0.911521
0.728465
0.725452
-0.730042
-0.086827
0.768980
-0.193970
0.681078
0.898703
0.057733
0.885680
0.873758
-0.806929
0.756443
0.788813
0.056763
-0.792131
-0.003893
-0.913908
-0.049904
-0.811499
-0.004394
-0.121668
0.782255
0.201832
0.749613
0.134001
-0.076230
0.677087
-0.700328
0.834473
0.551873
-0.229969
-0.785685
-0.056399
0.726233
0.043707
-0.670308
0.221160
0.154666
-0.709518
-0.243975
-0.228587
-0.110113
-0.901518
0.774341
-0.006200
0.706082
0.885166
-0.700305
-0.028263
-0.079959
-0.000528
0.738977
0.145688
0.101593
-0.156892
-0.012001
0.195223
0.822258
-0.179855
0.537495
-0.789284
0.009677
-0.049433
-0.697598
0.571854
0.756034
0.770419
-0.210916
0.057782
-0.175590
0.073796
-0.026073
-0.021283
-0.726971
0.127885
0.314890
-0.910141
0.749524
-0.855639
0.437823
-0.238950
-0.195853
0.823973
0.085462
0.788369
0.027584
-0.585654
-0.844471
0.696478
0.808587
0.161790
-0.423165
-0.875633
0.032990
0.771504
-0.134945
-0.148253
-0.198608
-0.121605
0.103140
0.153612
0.140197
-0.032187
-0.041004
-0.747737
-0.840349
-0.155633
-0.007926
-0.731203
-0.051858
0.729389
-0.118539
-0.124131
0.032964
-0.644439
-0.886166
-0.065266
0.831540
-0.776903
-0.877379
-0.840333
0.109558
-0.787119
-0.866636
-0.214821
0.762003
0.837603
0.068853
-0.644104
0.178880
-0.685094
0.258614
0.710316
0.056320
0.107372
-0.455883
0.120696
0.101653
0.130745
0.795705
0.764273
0.026361
-0.027236
0.004612
-0.442434
0.057682
0.118177
0.544261
-0.098452
0.217176
-0.054452
0.279421
-0.169149
0.022553
-0.651500
0.197667
-0.851522
-0.642324
0.659711
0.804666
-0.175367
0.091311
-0.839045
-0.758342
0.802811
-0.084935
-0.723167
0.207436
0.163146
0.253838
-0.020918
0.816197
-0.233249
0.646887
0.073527
0.171467
-0.713491
0.126744
0.096161
-0.715164
-0.874296
-0.515931
-0.060489
0.047960
0.785124
0.796651
-0.104851
0.018123
-0.830199
0.735134
0.859969
0.901167
0.018485
0.599395
-0.295648
-0.729131
0.082216
-0.887623
0.079980
0.640796
-0.627619
0.056686
0.720366
0.923528
0.035603
0.787713
-0.890036
0.888089
-0.684286
0.752399
0.159163
-0.199034
-0.133462
-0.020211
0.194119
0.621053
0.260792
0.859562
-0.288568
0.904834
-0.904058
-0.722898
-0.622783
-0.301767
-0.113978
-0.876963
-0.194642
0.014789
0.055447
-0.034101
-0.073655
0.104227
-0.905515
0.864103
0.142208
-0.716076
-0.922873
-0.893533
0.001114
0.035812
-0.133153
0.024023
0.860393
-0.852203
-0.025313
0.770038
-0.084554
-0.850391
0.934088
-0.741050
-0.945638
-0.111176
-0.118474
0.079907
-0.147694
0.096120
-0.031974
-0.859711
0.069743
0.822879
-0.228231
0.016705
-0.750086
0.072955
0.677713
0.234892
-0.060885
-0.748111
0.892543
0.777244
-0.773607
0.801014
-0.761904
0.809835
-0.763469
0.013413
0.013325
0.741266
0.226837
0.602239
0.888780
-0.692142
0.161882
0.696560
-0.754305
0.905252
0.628227
0.181278
0.117435
0.746132
0.867739
0.150398
0.869712
-0.683917
-0.135884
0.228346
0.055000
-0.800297
-0.778145
0.067710
-0.175686
-0.072933
-0.938801
0.891242
-0.765392
0.107520
-0.809352
0.205980
-0.770384
0.674585
-0.826401
0.040712
-0.109804
-0.058478
-0.831322
-0.577663
0.760375
-0.186396
-0.826382
-0.874293
-0.820339
0.002878
-0.015813
0.042824
0.168353
0.484002
0.766414
0.895611
0.003975
-0.841861
-0.140120
0.920601
0.754943
-0.028199
-0.663342
-0.004005
0.273698
-0.689102
0.107021
0.141123
-0.097581
0.063550
0.518841
-0.024045
0.833855
-0.700023
-0.966780
0.759347
-0.162608
0.718383
-0.027778
0.309993
-0.743889
-0.041343
-0.125368
0.032385
0.829466
0.160676
0.524925
-0.064975
0.787792
0.864901
0.145055
-0.788328
0.169622
0.733915
-0.001210
0.178354
0.098294
-0.002297
0.782734
-0.641366
-0.101465
-0.611147
0.002631
0.029467
0.102194
0.911615
-0.718915
-0.871014
0.733019
-0.835055
0.099343
0.726548
-0.647752
0.789954
-0.835756
-0.787925
0.007999
-0.778431
0.088321
0.501009
-0.747231
0.751133
-0.748964
0.763326
-0.128884
0.797811
-0.157287
-0.132014
-0.853462
0.141705
0.894182
0.076955
0.108300
0.749110
0.804742
0.260558
-0.797561
-0.271707
-0.927737
-0.879253
-0.000047
-0.689729
0.140827
0.780097
-0.245460
-0.094521
-0.252348
-0.708651
0.785003
-0.087078
-0.080197
-0.071430
-0.228342
-0.027871
0.747382
-0.166406
-0.038962
-0.649270
-0.936760
-0.878641
0.001005
-0.908243
0.669591
0.707646
0.530636
-0.690349
0.636037
0.737902
-0.032526
-0.746426
-0.642561
0.038448
0.013079
-0.926320
-0.849301
0.629605
0.165011
0.306671
0.218499
0.037898
-0.015776
-0.755074
0.245613
-0.079065
-0.058103
-0.046100
0.183792
0.952866
-0.045475
-0.113719
0.784982
-0.678213
0.722839
0.631549
0.069685
-0.887518
0.192747
0.705590
-0.229273
0.059672
0.143181
0.035267
0.856416
0.626296
0.753142
0.816540
0.195589
-0.041816
-0.066863
0.849592
0.012331
0.751065
-0.076589
0.534612
-0.829411
0.046411
0.889716
0.691882
-0.116177
-0.145406
-0.713861
-0.849388
-0.696358
0.778397
-0.549044
-0.124153
0.009496
-0.329418
-0.051995
0.075110
-0.881815
-0.265217
-0.017517
-0.759215
0.064198
-0.645369
-0.796273
-0.943833
0.284080
-0.081784
-0.604856
-0.602730
-0.047371
0.819294
0.609015
0.021985
-0.060538
0.023340
0.036887
0.066625
0.859348
0.803163
0.108361
0.902100
0.821873
-0.079876
0.590460
-0.036924
0.427240
0.090566
0.747354
0.107652
0.145480
-0.039701
0.013373
0.056453
-0.694211
0.722115
-0.134497
-0.032827
0.147476
-0.333152
0.138526
-0.779764
-0.057979
-0.013024
-0.821807
-0.087286
0.732089
0.065954
-0.582767
0.896984
-0.026241
0.913615
0.929433
-0.257032
-0.195875
0.665672
0.058231
0.013587
-0.139989
-0.019689
0.104567
0.072778
0.909459
0.375802
0.926412
-0.023493
-0.049452
0.606779
0.796107
-0.202637
-0.816781
0.013986
-0.296932
0.698904
-0.673995
0.895142
0.834789
-0.358700
0.090306
0.771411
0.113094
0.005702
-0.088703
0.831953
-0.006047
-0.902576
0.079248
0.236078
-0.666097
-0.097372
-0.137288
0.112591
-0.843963
-0.776233
0.098778
0.898982
0.848621
0.001386
0.709755
-0.533419
0.788154
0.784807
-0.871445
-0.044572
0.797021
0.147511
0.798621
0.706890
0.856253
0.167742
-0.518502
0.847432
-0.806040
-0.133862
-0.184402
-0.021091
0.929905
-0.067801
0.009512
0.006617
-0.805101
0.053000
0.114774
0.046313
0.738316
-0.090479
0.134236
0.817899
-0.087106
0.919373
0.669762
-0.103434
-0.737656
0.903058
0.056518
0.015957
-0.022711
0.894850
-0.804145
0.732599
0.012060
-0.067978
-0.122208
0.140499
-0.125263
0.736629
-0.854176
-0.766922
0.789108
-0.105812
-0.200358
0.743944
-0.216971
-0.100704
0.841675
-0.734013
0.045250
-0.649751
0.641865
0.178135
0.316893
0.125299
-0.623248
-0.108569
-0.061938
-0.191042
0.635414
0.693936
0.037727
0.136309
0.967992
0.159371
-0.777387
0.669540
0.038184
-0.051876
-0.120368
-0.897808
-0.077862
0.173260
0.046073
0.816799
-0.073710
-0.061493
0.794354
0.097164
-0.792306
0.174380
0.006190
0.015969
0.028674
0.858700
-0.626306
0.048695
0.064123
-0.085203
-0.184300
0.080218
0.078227
-0.029879
-0.213037
-0.632476
0.653243
0.087018
0.823211
0.043441
0.568096
-0.122523
0.191482
0.086815
0.759895
-0.836735
-0.012873
-0.752962
-0.662766
0.754799
0.140682
0.904786
0.837889
0.606412
0.703271
-0.691891
-0.799015
0.200815
0.049031
0.087512
-0.068003
0.070843
-0.192228
-0.117938
0.523866
-0.012042
0.521961
0.163567
0.124481
-0.193638
-0.040302
0.128615
0.747450
0.021563
-0.864269
0.192905
0.669223
0.639213
-0.274497
-0.836902
-0.311471
-0.816535
-0.814332
0.408542
-0.009943
-0.028202
-0.650421
-0.873349
-0.763778
0.106232
-0.585985
0.280372
0.596333
0.008063
-0.883909
-0.594167
0.025867
-0.777872
0.089471
-0.055399
0.027116
0.097461
-0.043243
0.883932
-0.032467
-0.677806
-0.270308
-0.062005
-0.651560
0.877980
0.031040
0.736920
-0.298130
0.467699
0.053948
0.078954
0.141039
0.691694
-0.035937
-0.790665
0.100269
0.009906
-0.082688
-0.243591
0.721583
-0.053922
-0.621709
-0.796533
-0.088763
0.867023
0.840834
-0.248940
0.778451
0.875350
0.036833
-0.907801
-0.887849
-0.215484
0.057577
0.124188
0.106172
-0.818667
-0.678767
-0.177260
-0.873591
-0.016786
0.134016
0.811267
-0.135370
-0.722857
0.934104
0.756254
-0.048546
-0.749134
0.032227
-0.143849
0.001507
-0.812945
0.734491
-0.698204
-0.831618
0.138309
0.126842
-0.425029
0.828189
-0.675029
0.729656
0.099701
0.762972
0.670147
-0.849132
0.805389
-0.738794
-0.205690
0.147453
-0.776826
-0.007483
0.026524
-0.907853
-0.032489
0.109923
-0.114263
0.113006
-0.051711
0.614867
-0.196698
0.769775
-0.016757
-0.705466
-0.007788
0.110978
0.865762
-0.815039
0.132982
0.057820
-0.597987
-0.753033
0.025628
0.778528
0.082568
-0.160669
0.734287
-0.048758
-0.089042
0.098397
0.004175
0.891114
-0.133448
0.090362
-0.583828
-0.848729
-0.250769
-0.555237
0.120143
0.720477
-0.180192
-0.805299
0.707333
-0.505208
0.699458
-0.786808
0.111138
-0.881464
0.048405
-0.324679
0.171259
-0.748593
-0.838775
0.101740
-0.054595
-0.827151
0.160331
-0.204915
-0.664653
-0.119127
0.012215
0.177426
0.825079
-0.199306
0.769807
-0.796916
-0.174676
0.765143
0.058826
0.710659
-0.070319
-0.751654
0.213591
-0.642855
0.028439
-0.063166
0.062913
-0.289744
-0.696128
0.113427
-0.039486
0.004968
-0.783710
0.669557
-0.171469
-0.816638
0.121756
-0.029115
0.124468
0.002280
0.792457
0.076502
-0.208730
0.773821
0.090004
0.792206
0.741836
0.844307
0.811571
-0.917933
0.878021
0.066352
-0.804949
-0.907204
0.770492
-0.207868
-0.022230
-0.058279
-0.766543
-0.030075
-0.157828
-0.396786
0.047414
-0.097899
0.771875
0.088316
-0.001314
0.827356
-0.195249
-0.887692
0.616982
0.082763
0.853829
0.058435
-0.583419
-0.028114
-0.842615
-0.445270
-0.833387
0.866638
0.072361
0.870238
-0.138700
0.777641
0.692265
-0.652398
0.119275
-0.904453
0.875869
-0.033809
0.263722
-0.595588
-0.815670
-0.701435
-0.167178
-0.158615
0.780391
0.331484
0.590611
0.248497
0.077545
-0.075664
-0.204616
0.288980
0.711170
0.031284
-0.871112
0.709224
-0.860040
0.582467
-0.578855
-0.232994
-0.524564
-0.729667
-0.076399
0.747790
0.006194
-0.792402
-0.614266
-0.602706
0.933916
0.159864
-0.722285
0.701673
0.614080
-0.620893
-0.221086
-0.069656
0.784201
-0.012363
0.924842
0.195085
-0.116203
-0.651645
-0.790283
-0.181048
-0.682190
0.155337
0.873127
0.038947
-0.199327
-0.794340
-0.001551
-0.010558
0.669761
0.263404
-0.787845
-0.192931
-0.765326
0.848040
0.001015
0.826579
0.573436
-0.624090
-0.079721
-0.525736
-0.056091
0.677575
-0.012957
0.002699
-0.060564
-0.890610
0.867546
0.076835
-0.119632
-0.107394
-0.018499
-0.015905
0.102263
-0.265954
-0.890894
0.121881
-0.094922
-0.182591
-0.721334
-0.278735
0.681696
0.037775
0.843218
0.857033
0.958581
-0.679881
-0.771962
-0.115960
-0.886865
0.798421
-0.186658
0.081381
-0.854062
0.726243
0.311961
0.731366
-0.204566
0.892148
0.344786
0.109246
0.013760
0.754400
-0.105252
0.714408
-0.716971
0.186014
-0.860075
-0.177185
-0.072971
-0.659097
-0.120848
0.821807
-0.003602
-0.674283
0.658295
-0.204974
-0.107649
0.155729
0.056395
0.661732
0.399583
-0.102761
0.863304
0.839571
0.020253
-0.012666
-0.059289
0.089337
-0.683431
-0.007597
-0.044092
-0.687556
-0.932600
-0.091212
0.695264
-0.156774
-0.860527
0.878606
0.845770
-0.830513
0.105807
0.160697
-0.041289
0.088465
0.090476
0.013545
0.926194
0.048709
0.913809
-0.196779
-0.086492
-0.243427
-0.017584
0.040815
0.499208
0.888030
-0.778979
0.678678
0.043423
-0.026511
-0.762855
-0.780632
-0.005149
0.871338
-0.607425
0.020703
-0.714431
0.028726
0.088102
0.695164
-0.091372
0.864316
0.830128
0.112238
-0.698515
0.616297
-0.080097
-0.734305
0.287450
-0.179556
0.190400
-0.814111
0.871367
-0.740577
-0.056811
0.592437
-0.016295
0.059175
-0.057896
0.756962
-0.032592
0.093581
0.904967
0.027727
0.147556
0.142928
0.577093
-0.082436
-0.020187
-0.211836
0.184570
0.105370
-0.571871
0.087699
0.884855
0.598502
-0.869715
0.120870
-0.025635
-0.515691
-0.162966
0.002814
-0.013321
0.689654
-0.690335
0.047692
-0.611367
0.805583
-0.637958
0.080017
0.883552
-0.035355
0.282046
-0.212070
0.808368
0.646799
-0.961504
0.805096
-0.839623
0.732925
0.872017
-0.726326
-0.643737
-0.750250
-0.009847
0.824904
0.770172
-0.604783
-0.039153
-0.716514
-0.900705
-0.214139
0.435796
0.037102
-0.114437
0.724265
-0.134368
0.747944
0.618994
-0.630987
0.126043
-0.314246
0.107479
0.904338
0.874376
0.623437
0.076938
0.783470
-0.744951
-0.803868
0.042951
-0.627307
-0.061137
0.110540
0.058404
-0.493338
0.075545
-0.733968
0.127422
-0.798688
0.043439
0.159410
-0.813429
-0.795875
0.125215
-0.710814
-0.582827
-0.113434
-0.792294
0.125057
-0.739561
-0.780600
-0.615723
0.139295
0.811164
0.010487
0.705325
-0.124828
-0.100816
0.790677
0.289010
0.061354
0.763349
0.044156
-0.748317
0.815021
0.615603
-0.776756
0.022189
0.642694
-0.641919
-0.179068
0.139204
-0.923087
-0.685844
0.726581
0.043445
-0.871693
-0.708857
-0.130331
-0.777860
-0.854583
-0.040582
0.114678
-0.558861
0.631540
0.041858
0.884313
-0.185994
-0.055343
-0.751399
0.103618
-0.095520
0.587821
-0.193323
0.856540
0.128487
0.806296
-0.151025
-0.291003
-0.768023
-0.078929
-0.127978
0.043276
-0.728238
-0.105962
-0.388502
-0.109421
-0.814744
-0.784900
-0.124964
0.260621
-0.004681
-0.030355
-0.761984
-0.703565
-0.098187
0.210539
0.187676
-0.004281
0.094312
0.161213
0.106512
-0.007305
0.789202
0.735797
0.105315
0.067699
-0.717996
-0.188854
-0.896927
-0.679496
0.117159
-0.681080
0.672837
0.109650
-0.141772
0.103124
-0.781187
-0.655190
0.012478
-0.922193
-0.813513
-0.630028
-0.636324
-0.717359
0.778574
0.651635
-0.520753
0.071886
0.079154
0.036042
0.080099
-0.077079
-0.017421
0.804556
0.043443
-0.627175
0.691959
-0.622527
0.819062
0.874873
0.025771
0.854045
-0.220458
-0.022462
-0.062396
0.871798
0.909429
-0.635310
-0.236175
-0.668516
0.893982
0.690756
0.021432
0.226029
0.807538
0.729518
0.929842
0.775415
0.815141
-0.189234
-0.023438
-0.062986
-0.069173
-0.086338
0.646237
-0.498527
0.039956
0.800200
-0.008138
0.067340
0.223189
0.022461
0.023215
0.614483
-0.120221
0.803534
0.046333
0.745639
0.024793
-0.111834
0.781129
-0.819607
-0.846006
0.970416
0.228094
0.560990
0.040784
-0.867790
-0.166445
0.773694
-0.143815
-0.024042
0.801700
-0.055981
-0.799128
-0.762501
-0.676691
-0.902080
-0.884227
0.689092
-0.207258
0.061052
0.748104
-0.556231
-0.057342
-0.798596
0.067055
0.055773
0.892847
0.020255
0.787870
-0.432159
0.620779
-0.632533
-0.208549
0.712750
-0.158790
-0.083256
-0.008613
-0.091248
0.735410
0.061100
0.752372
0.865407
0.310122
-0.650603
0.610169
0.128219
0.858336
0.033040
0.000780
0.004774
-0.920209
-0.616289
-0.757858
-0.139465
-0.031212
-0.200898
-0.708414
-0.080414
-0.031102
-0.879983
0.028201
-0.725431
0.728620
-0.859401
0.558797
-0.946754
0.164968
0.109306
-0.913957
0.617875
-0.181047
-0.217310
0.737220
-0.042546
0.196920
-0.643735
-0.058391
-0.858446
0.003061
-0.835771
-0.237038
-0.650449
-0.337023
-0.253173
-0.065873
0.657442
-0.919531
-0.850029
-0.794599
0.891845
0.663905
0.883323
0.116562
-0.706384
0.073412
0.627348
-0.544022
-0.582050
0.136983
-0.632116
-0.016937
-0.911831
-0.176712
0.644320
-0.798975
-0.608386
-0.021104
-0.235596
0.830795
-0.037539
-0.016085
-0.057370
0.265301
0.869250
0.634608
-0.735918
0.816057
0.024583
-0.209782
0.826465
-0.087767
0.760809
-0.652687
-0.019721
0.908032
0.774411
-0.121014
0.260084
0.910585
0.854310
-0.567954
-0.897221
-0.170122
0.038477
0.742489
0.821819
0.768361
0.846099
0.739860
-0.730113
0.551992
0.769143
-0.770924
-0.802681
0.815304
0.153958
-0.100707
-0.744760
-0.807069
0.090424
0.249160
-0.705910
0.082328
0.161300
-0.083790
0.157179
-0.179308
-0.003378
0.585751
-0.624289
-0.000793
-0.005188
0.668070
0.033937
-0.309165
0.768467
-0.557258
0.132767
0.750684
-0.220540
-0.724712
0.003914
-0.040151
0.093060
-0.794081
-0.044945
-0.074369
-0.515114
0.708901
0.805680
-0.138297
0.761054
0.864390
-0.051547
0.207333
0.177335
-0.073597
-0.684784
0.641614
-0.061100
-0.035735
0.028297
0.680045
-0.862690
0.072566
-0.746118
0.013798
-0.047751
-0.889389
-0.051346
-0.053391
0.828126
-0.764147
0.029084
0.471884
0.788589
0.027617
0.176160
-0.090305
-0.825573
0.408775
0.818213
0.011398
-0.755789
0.694416
0.063058
-0.058491
-0.927690
-0.759380
-0.880793
-0.693120
0.699553
0.781212
-0.085833
-0.085270
-0.812104
0.126488
0.898940
-0.158699
0.643421
-0.848514
0.768372
-0.681970
0.771193
-0.693555
-0.043002
-0.031771
-0.067298
-0.039477
0.038540
-0.709872
-0.177441
0.041412
0.685153
-0.777226
0.871299
0.008016
-0.841994
0.132807
0.144408
0.261549
0.830504
-0.768252
0.882777
0.749538
0.309559
-0.796212
-0.648393
0.100778
-0.025048
-0.061712
0.317485
-0.213377
-0.801707
0.159462
0.621951
0.121754
-0.661291
-0.875446
-0.728021
-0.016942
-0.279727
0.724680
0.677574
0.021034
-0.209521
0.124809
-0.761874
-0.687212
-0.053677
-0.720370
0.132118
0.065010
0.966492
-0.750599
0.114315
0.007414
-0.003562
-0.746287
-0.158043
0.049032
-0.886328
0.251077
-0.828835
0.697278
0.617183
-0.519122
0.727850
-0.771580
-0.590239
-0.572461
-0.070037
0.822769
-0.089063
0.868628
-0.679051
0.739247
-0.026776
0.031111
-0.104240
-0.747066
-0.141223
-0.129629
-0.134447
0.080725
0.866827
-0.007572
0.928452
0.054322
-0.141844
-0.663685
-0.044194
-0.164538
-0.794248
0.770083
0.186882
-0.783620
0.205286
0.274799
-0.010682
0.061742
0.047576
-0.804744
0.680337
0.825561
0.046774
0.096653
0.040847
-0.585794
-0.161614
-0.022567
-0.899081
-0.707170
0.820304
-0.127996
0.640503
0.144710
0.908217
-0.050367
0.060645
0.023956
-0.145786
0.845574
0.697301
0.719627
-0.923954
0.696136
0.890602
0.684580
-0.112066
0.587024
0.670218
0.681480
-0.184482
-0.739410
0.856130
0.751539
0.045434
-0.601273
0.091350
0.040701
0.769401
0.849449
0.798326
-0.033855
0.093467
0.850101
0.141359
-0.106779
-0.166320
0.023645
0.266360
0.762456
-0.239400
-0.796551
0.357951
-0.920740
0.088850
-0.699738
0.138759
0.048901
0.746759
-0.793750
-0.085397
-0.946468
-0.208620
-0.917207
0.240266
0.927892
-0.028215
0.872883
0.594208
-0.124777
-0.837092
0.698761
0.001673
0.016235
-0.732162
-0.065969
0.020364
0.013404
0.712168
0.799781
0.836644
-0.117282
0.050886
0.583027
0.048471
0.780924
0.900496
-0.381991
-0.056737
0.749319
-0.941061
0.186155
0.240521
0.230415
0.429191
0.061841
0.148131
-0.195120
0.570297
0.891452
0.659872
-0.045637
0.153641
-0.834607
0.139830
-0.046664
-0.690701
0.194336
-0.165253
-0.857813
-0.083140
-0.725595
-0.769496
0.247955
-0.927911
0.816078
0.597027
0.908377
0.740070
0.197713
0.167956
0.799691
0.090319
0.154884
0.108803
0.586306
-0.132308
0.208554
0.127656
0.715638
0.792616
0.761545
0.024972
-0.645436
-0.546271
0.696698
-0.791708
0.257375
-0.020865
-0.684735
-0.640632
0.025456
0.855123
-0.106420
0.586815
0.019325
0.783870
-0.141830
-0.932691
0.893888
0.746415
0.780047
-0.686049
0.072424
-0.718944
0.038780
-0.898855
0.023015
0.667962
-0.155963
0.108351
0.865616
-0.010762
-0.919896
-0.814945
0.861753
-0.592564
0.004979
-0.906128
0.072410
-0.125914
-0.003629
0.150528
-0.763657
0.084071
0.839680
-0.004498
-0.144556
0.950542
0.677249
-0.815858
-0.052112
0.919860
-0.888662
-0.018321
0.207094
0.232832
0.252354
0.214478
0.089030
0.023870
-0.822926
0.712572
-0.798869
-0.754565
-0.882202
-0.839938
0.872546
0.033222
-0.174416
-0.530589
-0.613225
0.087168
0.054334
-0.793234
-0.745862
-0.770521
0.818824
-0.074732
0.041610
0.774776
0.084587
-0.042816
-0.008363
0.068119
0.101692
-0.763045
-0.009103
-0.016333
-0.761620
0.041936
-0.833983
-0.885622
0.806363
-0.216066
-0.819824
-0.001020
-0.836813
-0.074737
0.001011
-0.674795
-0.800039
-0.047308
-0.879136
-0.840699
-0.029238
0.042228
-0.219795
-0.781549
-0.088666
0.073442
-0.740947
-0.872820
-0.812897
-0.709686
0.812392
-0.028482
-0.686856
0.179137
0.057578
0.109557
-0.042910
0.790053
0.263391
-0.121336
0.859724
0.012361
-0.873461
0.868696
-0.261651
-0.026803
0.563775
-0.746814
0.111656
-0.909456
-0.583765
0.129567
-0.001898
-0.061030
0.312180
0.135027
-0.417453
-0.004986
0.791377
0.044342
-0.857403
-0.023965
-0.887992
0.756068
0.665471
0.920810
0.035086
0.789148
-0.107425
-0.171423
0.004886
0.750302
-0.843789
-0.901571
0.872322
0.027397
0.075272
0.060947
0.034933
-0.603718
0.715426
0.781552
-0.828242
0.210567
-0.222544
-0.628452
0.105402
-0.057675
-0.092300
-0.089493
0.042457
-0.066523
-0.798584
0.894138
-0.022091
0.779484
0.881434
-0.610413
-0.100550
0.106604
0.856950
0.145098
0.789230
0.058393
-0.816594
0.784158
-0.158204
0.168377
-0.148094
-0.847556
-0.556939
-0.779862
0.908676
0.089365
-0.872552
-0.152743
-0.176870
-0.070701
-0.066710
-0.752897
-0.799399
-0.556279
0.763020
-0.018784
-0.164839
-0.117098
-0.019334
0.744950
-0.125327
-0.040799
0.730015
0.090602
-0.088179
-0.755936
-0.009223
-0.054643
0.635010
0.061439
0.785991
0.569698
0.876126
-0.891904
0.883853
-0.087616
0.248764
0.163737
0.830688
0.122984
0.691567
0.547192
0.660957
0.100444
-0.456538
0.050164
0.717093
-0.013549
0.027267
0.090700
0.125620
-0.697268
-0.106888
-0.520732
-0.043064
-0.080482
0.870186
-0.659095
-0.642709
-0.015375
-0.124765
0.479707
0.311919
-0.901661
0.763979
0.826265
0.792526
-0.001955
0.746853
-0.770024
-0.773982
0.086913
-0.746079
0.063634
0.029032
0.927391
-0.847381
0.178980
0.007465
0.714940
0.188264
0.513877
0.759779
-0.865137
-0.065117
-0.213966
-0.958563
0.496355
-0.912509
0.856272
0.810022
-0.219393
-0.012469
-0.009087
-0.012487
0.087372
-0.719986
0.547350
-0.018002
-0.097451
0.003966
-0.125431
0.944228
0.017835
0.181808
-0.103364
0.000649
-0.095659
-0.245237
0.062401
0.822845
-0.685031
0.150201
0.057841
0.765759
-0.058043
0.067410
0.845444
0.747622
0.341760
-0.864699
-0.033176
-0.058181
0.076100
-0.206276
-0.909007
0.217765
0.116177
-0.468903
-0.017052
0.137479
-0.779438
0.232765
0.215734
0.765811
0.529353
0.145445
-0.868817
0.176124
-0.099683
0.667959
0.085299
0.214006
0.925828
-0.046292
0.760357
-0.080807
-0.066562
-0.061962
0.045712
-0.222089
-0.752623
-0.085043
0.562381
0.039774
-0.127845
0.135679
0.671774
-0.068504
0.112252
-0.059820
0.698446
-0.845047
0.156762
0.059137
0.011624
0.945435
0.100914
0.578151
-0.890550
0.896425
0.002109
0.088984
0.739520
-0.806781
0.778463
0.041791
-0.740688
-0.087820
-0.075652
0.468224
0.856410
-0.807641
-0.067060
0.015838
-0.006100
-0.671340
0.698456
-0.678310
0.088425
0.708833
0.797512
-0.074376
-0.687128
-0.628573
0.808509
0.110485
0.005592
0.008731
0.807554
-0.127368
-0.038899
-0.701465
-0.016720
0.763301
-0.901179
-0.040175
0.728424
0.907555
0.757104
-0.032259
0.730749
-0.163796
-0.103799
0.034071
0.156277
0.111278
0.247600
-0.587852
-0.121148
-0.699379
-0.031819
0.257945
-0.012908
0.159386
-0.213188
0.722718
-0.728250
-0.760989
-0.074432
-0.508211
-0.752849
0.269317
0.930063
0.097205
-0.768247
-0.197860
-0.170473
-0.020638
-0.120810
-0.755802
-0.879771
0.586860
0.674802
0.693028
-0.049860
0.791296
0.836463
0.761945
0.040668
-0.768235
-0.058215
0.082415
-0.025945
-0.795093
-0.038549
-0.727513
0.001302
0.880245
-0.027396
-0.066571
-0.718836
0.571547
0.004380
0.752777
-0.031182
0.784614
-0.808132
-0.778875
0.541929
0.094110
-0.167692
0.639585
-0.016560
0.047053
0.674766
-0.858006
0.114730
0.678746
0.017588
0.577130
0.833918
0.790080
0.862344
0.072096
-0.034135
-0.515509
0.156215
-0.763587
-0.187208
-0.722587
-0.042693
-0.628671
0.896948
-0.108410
-0.597058
0.626240
-0.196975
-0.242739
0.044329
0.047917
0.908502
0.004774
-0.166615
0.032988
-0.151517
-0.231120
-0.771135
-0.070474
-0.801699
-0.124840
0.512399
0.792396
-0.677995
-0.157552
0.079019
0.459985
0.033035
0.032803
-0.035949
0.866681
-0.114682
-0.157880
-0.572703
0.004643
0.596630
0.750342
0.089120
-0.682916
0.014974
-0.823751
-0.647553
0.004099
0.026910
0.944317
0.148117
0.106943
-0.072758
-0.669933
0.026167
-0.090533
0.787543
0.688394
0.500838
-0.851424
0.017541
0.246468
0.840990
-0.257542
0.198057
-0.795213
-0.081443
-0.699115
0.387428
0.251726
-0.067412
-0.764256
0.769487
0.046621
0.186780
0.179060
-0.118256
0.136163
0.024535
0.145961
-0.843418
-0.095355
-0.108667
0.011589
-0.148320
0.088281
-0.875341
0.053371
0.798010
0.628350
-0.705428
0.063452
0.665981
-0.577107
0.852412
-0.781602
-0.063932
0.868190
0.832878
0.925570
0.063721
0.211309
-0.817790
0.202115
0.065612
-0.806016
0.804386
0.035125
-0.221035
-0.716779
0.166591
-0.837014
-0.605646
0.705003
0.868261
0.569014
0.565267
0.080416
0.049928
0.773982
-0.794216
-0.126051
-0.781612
-0.028022
0.600504
-0.039293
-0.119381
-0.049961
0.844151
0.102205
-0.090382
0.314594
-0.535204
-0.072794
0.212125
0.935906
-0.741288
0.110086
0.790235
0.220339
0.111121
-0.755167
-0.738755
-0.109147
-0.869660
0.022921
0.878224
0.857174
0.859918
-0.734544
-0.795593
-0.127562
0.059625
-0.898622
0.333903
-0.094692
-0.195315
-0.074359
0.023197
-0.031407
0.654828
-0.452699
-0.763891
0.298768
0.785816
-0.192388
0.024635
0.825011
0.039231
-0.868248
0.098416
0.091466
-0.079112
0.044008
0.695136
-0.812083
0.089516
-0.029769
-0.206283
0.824959
0.055356
-0.731638
0.001271
-0.056407
-0.871192
0.880398
0.832488
-0.090890
-0.891612
0.854319
-0.763992
0.713964
-0.771907
0.037480
0.555425
-0.664328
-0.850287
-0.646583
-0.032919
0.207949
-0.203574
0.692499
0.036443
-0.649701
-0.867979
0.685181
0.835302
0.085742
0.068432
0.066315
-0.841216
0.744562
0.090168
-0.058246
0.126468
0.792913
0.658833
0.101302
0.750416
0.120486
-0.017111
-0.020642
0.672703
0.855555
-0.776937
0.109890
0.857361
0.155914
0.328375
0.858643
0.086909
0.103779
0.791717
-0.108969
-0.769339
0.016778
0.827102
-0.213678
0.879870
0.028243
-0.789739
-0.822359
0.153624
-0.089076
-0.225223
0.089826
-0.202676
0.139657
0.262833
-0.869784
-0.103183
0.073003
-0.932833
-0.837390
0.849720
0.912226
0.013522
-0.947213
-0.149048
-0.060936
0.781859
0.026858
0.006542
0.108481
0.815522
-0.257397
-0.093670
-0.774596
0.497097
-0.417201
-0.839074
0.108595
-0.627207
0.031248
0.025961
0.783885
0.047675
-0.019748
0.736678
0.127361
-0.145134
0.702022
-0.118579
-0.079918
-0.631496
-0.101181
0.167242
0.014656
0.706615
-0.035982
-0.805387
0.208368
-0.832380
-0.019795
-0.810450
-0.140451
-0.212902
-0.603867
0.044315
-0.181410
-0.699972
0.076605
0.513871
-0.125520
0.088199
0.033523
-0.137441
-0.836927
0.133909
-0.274666
-0.846376
-0.051545
0.744860
-0.023815
-0.149542
0.857637
-0.284073
0.846619
0.600382
-0.825468
-0.093899
-0.129226
-0.823541
0.714055
-0.826176
-0.091105
0.173536
-0.025183
-0.042119
0.505082
0.804108
-0.721405
-0.110702
0.881824
0.031628
0.061366
0.208686
0.160012
0.030382
-0.788303
0.316400
-0.082998
-0.676807
-0.879481
0.186335
-0.917209
-0.040500
0.035391
-0.020938
-0.163245
0.837008
0.828104
-0.173593
0.825927
0.069985
0.722562
-0.772135
-0.219670
0.055963
-0.783420
0.874604
-0.109921
-0.746234
-0.502977
0.106954
0.810301
-0.134421
0.040090
-0.628008
0.695945
-0.721354
-0.660381
-0.178639
-0.005044
0.053635
-0.078480
0.818273
0.136999
-0.055511
-0.870769
-0.070808
-0.849235
-0.235200
-0.128822
-0.593207
-0.746111
-0.039965
-0.150419
-0.117122
0.735601
0.237668
0.710652
0.055384
0.026451
-0.210830
-0.101971
-0.065394
-0.025887
0.776829
0.779957
0.490253
0.063206
-0.166675
0.040759
0.226015
-0.123902
0.684805
-0.689963
-0.695763
-0.118768
-0.016359
0.854107
-0.761020
-0.102346
-0.898356
-0.017871
-0.044084
0.153369
0.821757
0.812219
-0.854030
-0.068878
0.632129
0.002493
-0.075082
0.102977
0.048117
-0.952418
-0.002532
-0.170782
-0.905934
0.130025
-0.717619
-0.782017
0.900077
-0.049016
-0.041783
0.790392
-0.055634
0.077296
-0.005249
-0.113038
-0.716804
-0.742361
-0.107719
0.059672
-0.871157
-0.154943
0.042405
0.323430
-0.051947
0.049937
-0.736799
0.052315
-0.661111
-0.840492
0.155651
-0.673887
0.095059
0.762714
-0.749179
-0.058626
0.862354
0.819903
0.018478
-0.685337
0.683637
-0.433423
0.057221
-0.674046
0.252839
-0.042305
-0.611081
-0.314803
-0.811594
0.116574
-0.800435
0.169820
-0.004507
0.628432
0.855208
0.793918
0.291577
-0.746842
-0.005788
-0.081981
-0.837671
-0.824143
-0.110048
-0.549562
-0.822867
-0.625053
0.731384
0.871947
-0.063698
0.215248
0.118726
0.693857
-0.186019
-0.865778
0.079891
0.050871
0.086131
0.839552
0.804204
-0.072646
-0.046407
0.196643
0.006856
-0.040493
-0.800775
0.875154
-0.653319
-0.011442
-0.058672
-0.596227
-0.109092
0.008683
-0.723714
0.470634
-0.008159
-0.055885
-0.065766
-0.666587
0.914111
0.734964
-0.042882
0.067447
-0.697829
-0.725274
-0.831591
-0.095737
-0.794017
-0.021966
0.892860
0.832788
-0.775693
-0.294201
-0.151687
0.865967
0.843613
-0.155422
0.656405
0.858901
-0.003201
0.839058
-0.788176
-0.062474
0.538507
0.165326
-0.028938
0.823026
0.848760
-0.662283
-0.041432
-0.139715
0.811774
0.868594
0.055556
0.058048
-0.160297
0.026063
-0.003281
-0.007461
-0.843444
-0.063082
0.878981
0.207419
-0.731731
-0.005500
-0.862473
0.022772
0.735510
0.887708
-0.867628
0.057809
-0.866204
0.767417
0.940556
0.713051
-0.867586
-0.009608
-0.639265
-0.165049
0.733465
-0.716484
0.724232
0.013672
0.132788
0.053440
0.722813
-0.109083
-0.270214
-0.016741
-0.191227
-0.778301
-0.867061
-0.814616
0.038420
-0.080980
-0.798630
0.905529
0.778541
0.860049
0.001526
-0.189346
0.965974
-0.850396
0.002595
-0.151009
-0.841513
-0.630028
0.697504
-0.860545
-0.621610
-0.665472
-0.020482
0.096509
-0.035643
-0.186269
0.786773
0.698422
0.764245
0.709567
0.095826
0.648601
-0.051321
0.746990
0.103463
0.134059
-0.885309
-0.917969
0.015369
0.024925
-0.766717
0.014740
-0.093315
-0.133964
-0.015516
0.158042
0.056260
-0.001663
0.705044
-0.035525
0.096704
0.684460
-0.774419
0.067884
0.060268
-0.074046
-0.779392
-0.775756
-0.161864
0.075520
-0.809411
-0.845301
-0.114865
0.055762
-0.121706
0.807953
0.023863
0.082982
0.848429
0.859408
-0.709527
0.646868
0.842811
-0.091313
-0.848448
-0.718686
-0.583806
-0.219490
0.479233
0.011980
-0.669224
-0.149974
-0.051040
-0.088477
0.861524
0.071890
-0.509185
0.083068
0.713721
0.808465
-0.662316
0.572121
0.064267
0.721716
0.141550
0.089426
-0.095233
-0.032867
-0.024151
-0.127367
0.643466
0.867600
0.098217
0.623035
0.163297
-0.625483
-0.190266
0.719572
0.737796
0.216676
0.744853
0.098261
0.854217
-0.326170
0.229738
0.178771
0.019219
-0.845914
0.122476
-0.684004
-0.824651
0.777139
0.120122
0.116427
-0.930690
-0.875479
0.757991
-0.211221
0.780910
0.014239
0.115557
0.808869
0.753728
0.323819
0.099548
0.758848
-0.041802
-0.657061
-0.863885
0.953638
0.040870
0.340589
-0.585371
0.701983
0.046599
-0.066879
-0.052120
-0.074859
-0.846784
0.746246
0.102699
-0.042108
0.228791
0.868088
0.006213
-0.009221
-0.787157
0.819992
-0.017357
0.162060
-0.736532
-0.878764
0.111826
-0.170998
0.116027
0.864742
0.018521
0.029774
-0.927041
-0.846771
-0.773607
0.970237
0.025607
-0.003571
0.824988
-0.020004
0.102201
-0.812842
0.814600
-0.094455
-0.107080
-0.096992
0.690072
-0.017108
0.790228
-0.105378
0.816512
0.847664
-0.068344
0.069892
-0.752398
0.759010
-0.093612
0.601160
-0.119384
0.865685
0.828379
0.026689
0.096404
-0.040454
0.210839
-0.298978
0.224863
0.182684
-0.014335
-0.254708
-0.063611
0.188290
-0.074533
0.251212
0.779923
-0.038487
0.915038
0.339752
0.087912
-0.797976
0.214238
0.789864
0.625950
0.823299
-0.002947
0.001780
-0.190804
-0.783853
-0.895798
0.621548
0.711044
0.830256
0.562912
0.848252
0.724178
0.840939
-0.042747
-0.172379
0.647759
-0.110864
-0.091236
0.574552
0.072688
0.064443
-0.717969
-0.297192
-0.852363
0.848288
-0.061323
0.697879
-0.067952
-0.847677
0.108298
-0.738854
-0.806245
-0.125068
0.876452
-0.711836
0.066450
0.728121
0.056084
0.680823
-0.123118
0.160128
0.087381
-0.064443
0.017659
0.173283
0.762967
0.857284
0.284068
0.274202
-0.008737
0.830295
0.161709
0.936936
0.744083
-0.785485
-0.924302
-0.219571
0.721213
0.670375
-0.060656
0.016156
0.795427
-0.118889
-0.699093
0.746983
0.871815
-0.223443
-0.113431
0.721073
0.805584
0.073099
-0.099974
0.725996
-0.097806
-0.162098
0.280507
0.752411
0.729132
-0.213512
0.121393
0.170596
-0.215369
-0.769076
0.059840
-0.932840
0.692257
0.031523
-0.797669
0.079426
0.029632
0.236076
-0.122744
-0.754418
0.024082
0.884003
-0.698237
-0.505456
-0.666365
0.096057
0.829373
-0.954141
0.015144
-0.144424
0.199909
0.046638
-0.840595
0.042586
0.016081
0.847377
-0.075132
-0.027472
0.653885
0.804439
-0.757872
-0.634650
-0.098788
-0.922299
0.800589
-0.864713
0.845767
-0.228036
0.606239
-0.730333
0.121409
0.027392
0.232466
0.779241
0.695784
-0.701414
-0.062328
0.744149
-0.192902
0.956166
0.903158
0.063156
0.175482
0.122747
0.849980
0.014896
-0.189940
0.743904
-0.054619
0.038975
-0.824428
-0.089502
-0.856940
0.186684
-0.095078
0.007418
-0.691281
-0.066664
-0.127439
-0.725387
0.783679
0.823297
0.001804
0.665044
-0.117819
-0.193675
-0.790474
0.837392
0.029425
0.759531
0.079504
0.816103
0.832615
0.037001
0.794896
-0.758779
-0.859694
0.117454
0.078627
0.038066
-0.631496
0.778637
0.796899
-0.175316
-0.899447
0.676669
-0.058920
-0.000063
-0.801921
0.064786
0.066410
-0.070167
0.715039
-0.695619
-0.760328
-0.008802
0.017172
-0.178720
0.877714
0.705859
0.817096
0.123539
0.775783
-0.682020
-0.155704
-0.775491
0.074564
-0.072427
0.005377
0.569728
-0.046512
-0.125374
-0.781786
0.136422
0.106917
-0.802270
-0.110058
0.144594
0.772356
0.541195
0.891639
0.061211
0.003485
-0.732454
0.774270
0.326473
0.726727
-0.800458
0.802471
-0.032840
0.018181
-0.198284
0.303904
-0.171164
-0.864943
0.091352
0.011651
0.841298
-0.009300
-0.074446
-0.882495
0.879124
0.086008
0.032455
0.004821
0.083914
0.798414
-0.680278
-0.931957
0.841013
0.851921
-0.776808
-0.188792
-0.108756
-0.745968
-0.006500
-0.035228
-0.017922
-0.177811
-0.895371
-0.077795
0.080574
0.078846
-0.649886
0.794602
0.190930
-0.265349
-0.932229
-0.058767
-0.022143
-0.884812
0.871800
-0.714717
-0.080650
-0.005754
0.117278
-0.513449
-0.042763
0.101847
0.034946
0.801517
-0.701873
0.053055
-0.007567
-0.117259
-0.150720
0.033485
0.032118
-0.872781
0.030371
0.900690
-0.290689
-0.009230
0.132696
-0.107048
0.744246
0.112109
-0.787672
0.858219
0.229566
0.857888
-0.545276
-0.205861
-0.827872
0.028598
0.568327
0.761843
0.084310
-0.000284
0.246372
0.606104
0.176700
0.785402
0.896970
0.091115
0.560715
-0.009804
0.910127
0.874593
0.098978
-0.014253
0.797458
0.623658
-0.062561
-0.773509
0.043977
0.845483
-0.163083
0.063500
0.787021
0.036143
0.101982
0.695985
0.874815
-0.622412
-0.742026
0.021320
0.664181
0.834673
0.864834
-0.790631
0.004226
0.186955
0.637164
-0.863563
-0.798364
-0.058100
-0.699287
-0.577574
0.690665
0.021428
0.665659
-0.783719
-0.830303
0.827537
0.758228
-0.052977
0.911595
0.327173
-0.835382
0.229948
-0.712118
-0.801274
-0.064581
0.124495
0.045312
0.529313
0.104036
0.265522
0.040936
-0.001281
-0.771539
0.044815
0.781904
-0.825214
0.001218
-0.129484
0.736895
-0.016528
-0.017363
0.879420
0.092254
-0.051081
-0.710454
0.124463
-0.229924
0.678586
0.087947
0.009482
-0.720526
-0.127182
0.312030
-0.760358
-0.060866
-0.722637
0.773029
-0.950427
-0.159733
0.044901
-0.064750
0.782598
0.768775
-0.747848
0.841387
0.159766
-0.617768
-0.044358
0.004474
0.153844
-0.008232
-0.056736
-0.717014
-0.717033
-0.131426
0.744861
0.781135
0.163803
-0.747270
-0.680502
0.075524
0.280363
0.935834
0.702705
-0.913411
-0.730780
-0.055543
-0.067330
-0.031483
0.496616
-0.096154
-0.812638
-0.787149
0.314713
0.905761
-0.045384
-0.016183
0.769950
0.192455
0.106736
-0.691402
0.845464
-0.552610
-0.100799
0.087160
0.204987
-0.177387
-0.749105
-0.019191
0.835178
0.055761
0.094547
-0.839464
-0.068460
-0.918579
-0.143229
-0.134451
-0.038187
-0.643842
0.152545
0.036591
-0.116548
0.959652
0.694507
0.749034
-0.168710
-0.764238
-0.754511
-0.771675
-0.642575
-0.922579
-0.092984
0.661608
-0.816389
0.859597
-0.102138
0.848821
0.820629
-0.765910
0.074366
-0.223354
0.833191
0.178324
0.076581
-0.329522
-0.118514
-0.171481
0.745250
0.665411
0.818413
0.602975
-0.168309
-0.904424
-0.807066
-0.576940
-0.758017
0.676059
0.869621
0.793656
0.249818
0.307404
-0.196925
0.128848
-0.223723
-0.548779
-0.748549
0.903608
0.060209
0.625145
0.019045
0.174602
-0.067686
0.826732
0.089927
0.031073
0.103528
0.004491
0.795715
0.100888
-0.015063
0.384575
-0.883971
-0.911217
-0.054443
0.709860
-0.630078
-0.891194
0.032239
-0.858492
-0.189090
0.176393
-0.861461
-0.682284
0.850286
-0.741206
0.735719
0.782748
-0.088957
-0.095200
0.562597
-0.050658
0.786982
-0.721511
0.115198
0.809680
0.148586
-0.178892
0.087978
0.534174
0.752983
-0.070088
-0.009958
0.089681
-0.124008
0.152184
-0.741148
0.047047
-0.716603
-0.852899
-0.916536
-0.814933
0.822680
-0.415532
-0.845915
0.859865
-0.898142
-0.020887
0.922834
-0.033078
-0.739141
-0.158644
-0.650410
0.676493
0.119090
0.046481
-0.837178
0.026842
-0.788035
0.125905
0.682118
0.005684
0.737039
0.177134
-0.031914
0.895298
0.040483
-0.047053
0.840545
-0.206062
-0.141911
0.672352
-0.756202
-0.122599
-0.853061
-0.843248
-0.056634
0.855545
-0.847464
-0.833508
0.001692
0.785300
0.139392
0.854634
-0.065702
-0.059451
-0.637120
0.622478
0.005452
-0.784909
-0.056889
0.110685
-0.770263
-0.951400
-0.866934
0.617686
0.687801
-0.012093
-0.909232
0.167288
0.880548
-0.062277
0.211604
0.047158
0.138817
0.678384
0.203800
-0.756814
-0.144537
0.047820
0.793861
0.037301
-0.086692
0.723984
-0.161280
-0.079532
0.855086
0.738007
0.860705
-0.035029
0.801474
-0.855861
-0.189567
-0.721991
-0.074359
0.091772
0.830962
-0.942195
-0.147248
-0.829387
0.751441
-0.164847
-0.128833
-0.001120
0.040713
0.879415
0.043925
-0.140108
0.824979
0.851418
-0.245058
-0.084640
0.894148
0.655019
0.192645
0.000083
0.879054
-0.038744
-0.915153
0.086988
-0.715154
-0.198568
0.749154
-0.056863
0.034403
0.052743
-0.230837
0.081220
-0.254147
0.850265
-0.108145
0.102317
-0.103112
0.024797
0.807261
0.829532
-0.728956
0.141461
-0.851615
-0.040949
-0.006282
-0.141205
0.587319
-0.033945
-0.244323
-0.148512
0.732567
-0.072166
-0.040924
-0.866098
0.029875
-0.157423
-0.739535
-0.183542
-0.743134
-0.047258
-0.703656
-0.190928
0.065563
0.163931
0.771783
0.018956
-0.755973
-0.125754
-0.133346
-0.221421
-0.853290
-0.713148
-0.054009
0.017668
-0.146600
0.000038
-0.872609
0.021122
0.193547
-0.030276
-0.008355
-0.125175
0.034150
-0.847033
-0.472663
0.103960
0.795323
0.657555
-0.068988
-0.752504
0.069030
0.705521
-0.748682
0.689710
0.797175
-0.784482
0.103948
-0.167612
0.823515
-0.096326
-0.828564
0.029572
0.063833
0.786746
-0.788778
0.713452
0.173940
0.783062
0.858730
-0.065626
-0.783104
0.786642
-0.826576
-0.544957
0.139893
-0.103077
-0.041159
-0.115872
-0.063170
0.074497
0.121437
-0.665050
-0.784450
0.065697
0.081153
-0.297566
0.781896
0.365161
-0.198152
0.736938
0.085409
-0.686884
-0.867315
0.642476
0.089410
-0.017763
-0.148568
0.891157
0.904874
-0.111587
-0.894539
0.086435
0.135968
0.927086
0.125056
0.400855
-0.080058
0.026871
-0.886480
-0.961362
0.038937
0.902187
0.819495
0.057154
0.210242
-0.174215
-0.189703
-0.244105
-0.924238
0.080649
-0.131172
-0.799352
-0.046598
-0.589010
-0.899315
0.005061
-0.900159
-0.868226
0.086712
0.572541
0.011377
0.605130
-0.086145
-0.175618
-0.086853
-0.060978
0.050921
0.109382
0.111024
0.808895
-0.209793
0.824110
-0.196115
0.159916
0.901605
-0.184475
0.762506
0.018362
-0.802158
0.008281
0.864701
0.176859
-0.770396
0.067387
0.069902
-0.562336
-0.798435
-0.695437
-0.027902
0.828241
0.182286
0.810886
0.837474
0.861228
-0.792531
-0.830582
0.051603
-0.095126
0.233206
0.513698
0.606870
0.760626
-0.096219
-0.013847
0.056962
0.085468
0.199113
-0.794418
-0.023469
0.063688
-0.844646
-0.706037
0.096814
-0.105438
-0.807744
0.034310
0.128172
0.073500
0.808089
-0.867642
-0.914759
0.692659
0.069361
-0.008631
0.777716
-0.002868
-0.754953
0.779982
-0.752862
-0.015683
-0.158807
0.693567
0.062223
-0.703019
-0.834519
0.558826
0.198341
0.013460
0.932395
-0.179916
0.169462
-0.105488
0.790410
0.082299
0.097241
-0.747849
0.670491
-0.898531
-0.005489
-0.885656
-0.215011
-0.816192
-0.731694
0.853028
-0.684522
0.093948
0.054396
0.003524
-0.779842
-0.235602
-0.814908
0.148640
-0.087997
0.680270
0.036341
-0.099117
-0.869068
-0.833493
-0.806990
-0.607659
0.038322
-0.075723
0.327964
-0.024230
0.701626
0.505192
-0.061530
0.183460
-0.086632
-0.856131
0.663035
-0.858901
0.669711
0.074415
0.886347
0.289386
-0.119770
0.367286
0.074709
0.179900
-0.734697
0.790221
-0.609866
-0.211953
-0.077531
0.759902
0.132971
0.075014
0.003218
-0.566256
0.025189
0.756386
-0.093233
0.029881
0.938607
-0.914853
0.746681
0.569876
-0.033086
0.000388
-0.089614
-0.056618
0.157908
0.077376
0.145264
-0.699514
0.142404
-0.713941
-0.803344
-0.827894
0.187459
0.102735
0.798886
-0.694559
-0.644136
-0.255526
-0.182661
-0.849479
0.213222
0.114539
0.621537
-0.009091
0.233109
-0.820717
0.788653
0.674229
-0.015347
-0.069989
-0.093094
-0.144547
0.520777
-0.855072
-0.055186
0.333406
-0.207972
-0.778199
0.640873
-0.123897
-0.108559
0.175996
0.614108
-0.733419
-0.610510
-0.109004
-0.002292
0.065254
0.064430
0.003079
-0.767513
-0.626800
0.854017
-0.598670
-0.034999
-0.701533
0.737735
0.848587
-0.013592
-0.831852
-0.882690
0.129572
0.165054
-0.675358
-0.125580
-0.820786
-0.893512
0.810605
0.109323
-0.758482
0.760056
-0.052235
-0.595720
-0.894234
-0.696948
0.585626
0.118634
0.755279
-0.703882
-0.552655
-0.870328
-0.781203
0.534824
0.702404
0.585460
-0.746188
0.057858
0.129916
0.920757
0.142270
0.037256
-0.778909
0.870095
0.019497
-0.103076
-0.728298
0.951238
-0.123618
-0.786740
0.108119
-0.000408
-0.654951
-0.272218
0.078427
0.007740
-0.283658
-0.729913
-0.709392
-0.189726
-0.719509
-0.853941
-0.628776
-0.650730
-0.053091
0.602389
0.039287
0.756475
-0.057046
-0.874731
0.735957
-0.059135
-0.619636
-0.519569
-0.740323
0.124880
-0.255018
0.801956
0.056043
0.826796
-0.060528
0.083614
-0.838894
-0.663170
-0.818486
0.008698
-0.063321
-0.086315
0.506083
-0.038952
-0.104674
0.126012
-0.867205
-0.033419
-0.726803
-0.006969
0.115712
0.845706
-0.020299
0.695251
-0.853829
0.846933
0.076605
0.639603
0.063228
0.741511
-0.074601
0.030371
-0.751070
-0.764298
0.733509
-0.708282
0.814343
0.888292
-0.282331
-0.239320
0.811646
-0.779868
0.004056
-0.870539
0.763284
-0.019625
-0.636023
-0.160628
0.143466
-0.714861
0.190528
0.004373
-0.044798
0.906759
0.268983
-0.877966
-0.867227
0.813603
0.752194
-0.012200
-0.091809
-0.170071
-0.764413
-0.787405
0.014662
-0.142114
-0.075872
-0.799299
0.863256
0.891102
0.712795
0.793380
-0.691696
0.034260
0.305002
-0.871841
0.702066
-0.757767
0.739572
0.769773
-0.059563
-0.193284
0.031923
-0.099207
-0.833975
-0.054447
0.770458
-0.602640
0.751508
-0.276147
-0.704726
-0.098518
-0.097387
0.101009
-0.629531
0.683177
-0.746137
-0.021010
0.837790
0.794727
0.067542
-0.079808
0.124222
0.146502
-0.057572
0.009919
0.070864
0.755720
0.009149
-0.113864
-0.882945
-0.624239
-0.636766
-0.940831
-0.912927
-0.010307
0.101993
-0.036806
-0.856266
0.608920
0.811342
0.736457
-0.121809
-0.113486
-0.919350
-0.748916
-0.742496
-0.920361
0.277678
0.003617
-0.075215
0.855614
-0.742268
-0.846976
-0.460891
-0.048917
-0.605901
-0.858507
0.308337
0.829864
0.760232
0.036824
-0.006685
-0.162263
-0.767556
0.076916
0.940200
0.052242
0.029634
-0.604611
0.797319
-0.840903
-0.872777
-0.142520
0.004069
-0.318699
-0.838057
-0.107760
0.749814
-0.867950
0.800609
-0.741338
-0.880551
-0.102015
0.102407
0.033053
-0.023873
0.050448
0.121135
0.051136
-0.162551
-0.094099
-0.638831
0.097005
0.079717
0.492682
0.613964
0.001731
-0.254958
0.584264
0.185020
0.125095
-0.140832
-0.749857
0.437635
-0.786832
0.816985
-0.006419
-0.168565
0.048410
-0.095215
-0.192477
0.031757
0.837054
0.062259
-0.069280
-0.222987
-0.081095
-0.136033
-0.104634
-0.541955
0.926373
0.851077
-0.902173
0.215079
0.087188
0.896635
-0.071022
-0.818811
0.909676
-0.036312
-0.181427
-0.129908
-0.058316
0.830978
0.059559
-0.091271
0.866582
0.829931
-0.895473
-0.768628
-0.815694
-0.026654
0.080669
-0.037211
0.048798
0.016288
-0.188504
-0.122765
-0.776001
-0.850847
-0.848533
-0.082465
-0.009481
-0.795505
-0.771913
-0.160882
0.600248
0.118855
-0.873801
-0.707021
-0.204441
0.745496
0.832001
-0.763883
0.011038
-0.118614
-0.852589
-0.573782
0.298328
0.020344
-0.757429
-0.105195
0.851824
-0.661868
0.075936
-0.900670
-0.002020
0.835355
0.003815
-0.163247
0.020190
-0.758849
-0.891188
0.790660
0.048960
-0.144645
-0.717781
-0.086596
0.252226
-0.741877
-0.703850
0.829182
-0.568786
-0.829675
-0.809667
-0.829571
0.685210
-0.533700
-0.241214
0.748408
0.844662
0.153632
-0.112631
-0.798109
-0.778645
-0.072955
0.904882
0.138513
-0.007484
0.768059
-0.670668
0.006300
0.796009
-0.093254
-0.205046
0.825405
-0.696007
-0.038740
-0.934893
-0.192261
-0.283267
0.909364
0.556293
-0.001153
-0.034096
0.009480
0.108867
-0.158970
-0.040609
0.183606
-0.917750
0.072834
0.058135
0.755771
0.054152
-0.791103
-0.142125
-0.111760
-0.004550
-0.179126
-0.692034
-0.953215
-0.725446
-0.779748
-0.139859
-0.813827
-0.759904
-0.721686
0.697736
-0.239556
0.785818
0.001270
-0.044344
0.010980
-0.671086
0.873197
-0.005080
0.766549
0.728482
0.020761
-0.166565
-0.805650
0.874516
-0.139918
-0.731822
-0.802804
-0.163346
-0.146179
0.110908
0.942817
-0.863786
-0.543905
0.010869
-0.209993
0.181552
-0.131453
-0.850614
0.755182
-0.055313
0.044469
-0.024698
-0.493077
0.055723
0.096630
0.543618
-0.074998
0.067770
-0.073930
0.020983
0.015984
0.804272
0.695759
0.185227
0.740430
-0.795047
-0.138951
-0.702913
-0.911071
0.636145
-0.877232
-0.593070
0.108034
-0.041539
0.058685
-0.530671
0.675202
-0.015953
-0.069057
-0.117338
-0.686158
0.672615
0.110094
0.063566
0.655568
-0.123321
-0.878452
0.077729
0.134416
-0.811624
-0.680212
-0.832122
0.853839
0.043272
0.289185
-0.054648
-0.001389
-0.491736
-0.130037
-0.165586
-0.754251
-0.820296
0.869154
0.062609
0.909437
0.143466
0.061527
0.768782
-0.672822
-0.868232
0.812292
-0.734664
0.181869
0.120391
-0.161104
-0.103858
0.074326
-0.209184
-0.915456
-0.283269
0.203467
0.718452
0.050353
0.036971
0.675501
-0.843195
0.080038
0.181077
0.018261
-0.670967
0.711138
-0.825635
0.795054
0.653599
-0.018160
-0.670760
-0.850627
0.218311
-0.752103
0.099419
-0.090736
0.886929
0.049613
0.819686
-0.016833
0.050028
-0.658933
0.069018
-0.700020
0.647477
0.838549
-0.226330
-0.084148
-0.609334
-0.049890
-0.750493
-0.668263
-0.776811
0.098512
-0.482452
-0.799081
-0.173435
0.742642
0.130052
0.770535
-0.858606
0.025554
0.908066
-0.057913
-0.014746
-0.152982
-0.139835
0.889539
-0.061897
-0.096681
-0.091047
-0.652018
-0.789021
-0.690394
-0.706254
-0.778371
0.255492
-0.788067
-0.879446
-0.790254
-0.037913
0.109299
-0.122470
0.191016
-0.193827
0.081648
0.625440
0.015828
-0.013483
0.033212
-0.053161
0.057710
0.513632
0.555372
-0.181002
0.671572
-0.048268
-0.829741
0.698797
0.042424
-0.012712
0.860036
0.198048
-0.908822
0.712088
0.141575
0.054147
-0.110724
0.042029
-0.581306
-0.051997
-0.747059
0.094847
-0.797841
0.685251
-0.202828
-0.114824
0.718327
0.005546
-0.120700
0.206527
-0.857035
0.793290
-0.245915
0.806899
0.783269
0.145175
0.028148
0.555301
0.845504
-0.060208
0.574664
-0.118732
0.709934
0.731598
0.906289
0.072310
-0.023705
0.041247
0.158386
-0.089327
-0.688876
0.048912
0.118332
-0.009798
-0.052705
0.095323
-0.777748
0.096793
-0.322834
-0.110019
0.147054
-0.710274
0.757563
0.236766
-0.060388
-0.851509
-0.095879
-0.640992
0.935605
-0.029726
-0.694812
0.075259
0.789783
0.008241
-0.137706
-0.236952
0.274903
0.165209
-0.733823
0.064591
-0.781866
-0.234282
0.185047
-0.843300
-0.072302
0.004903
0.033661
0.930398
-0.024196
-0.144179
0.875582
-0.137297
0.714622
-0.774970
0.017303
-0.653076
0.665261
0.083395
-0.708526
-0.726675
-0.049210
0.818430
-0.638368
0.014074
-0.707466
0.729426
-0.198881
-0.018759
0.813640
-0.514691
0.047305
-0.054192
0.803931
0.117888
-0.772241
0.121129
-0.567254
-0.775450
-0.806811
0.875760
-0.030526
-0.825706
-0.257239
-0.160107
0.739290
-0.533993
-0.102902
-0.727302
-0.140644
0.118203
0.179595
-0.808426
-0.865155
0.190973
0.024503
0.697553
0.655326
0.538358
0.250220
0.218134
0.014884
-0.092716
0.025199
0.747216
0.105741
-0.661537
-0.056379
0.207226
0.068129
-0.602400
-0.186574
-0.650193
-0.011511
0.187333
0.707102
0.706592
-0.570262
0.067432
-0.049054
0.651178
-0.263565
-0.238327
-0.871194
0.114502
0.725239
0.732661
0.820381
0.187027
0.147611
0.800317
-0.677069
-0.686786
0.736500
0.162415
-0.002455
-0.787904
0.878128
0.837478
0.857069
-0.143371
0.092557
-0.003075
-0.098064
0.202647
-0.858665
0.727620
-0.112217
0.057726
-0.749586
-0.832642
-0.907701
-0.025385
0.575168
-0.759267
-0.862360
0.104005
-0.034787
0.672557
0.007827
-0.629898
-0.906113
-0.852526
-0.071822
-0.100335
-0.213967
0.256125
-0.789549
-0.076846
0.693185
0.899062
-0.276061
-0.093898
-0.075095
0.172302
-0.699458
-0.840982
0.883479
0.167027
0.811842
-0.122965
-0.699200
0.707971
-0.872856
-0.885737
0.249125
-0.017629
0.037147
0.760242
0.193886
0.183766
0.014048
0.906201
-0.055085
-0.757833
0.872692
-0.751667
-0.856580
-0.834141
0.909797
-0.846640
-0.068915
0.034505
-0.108729
-0.896813
-0.025049
-0.863542
0.059551
0.166917
-0.111846
-0.864747
-0.859783
0.860977
-0.001774
0.809507
0.824548
-0.796789
0.889130
-0.888112
0.050991
-0.877776
0.760263
-0.031578
-0.646405
0.044659
0.608136
0.842628
-0.090779
-0.698837
0.722144
0.022206
-0.743533
0.749353
0.161843
0.873972
0.022252
-0.016953
0.044162
-0.031460
-0.020773
0.139533
-0.756108
0.125163
0.105228
-0.734171
0.578101
-0.892535
0.039578
-0.029256
0.184629
0.231927
-0.204857
0.656640
0.120905
0.071376
-0.161590
0.153247
-0.171300
-0.863010
-0.692368
-0.074148
-0.658717
0.235482
-0.615176
0.143991
0.003104
-0.058938
0.535975
-0.721348
0.787239
0.865344
0.054281
-0.062470
0.755219
-0.751733
-0.881917
-0.053798
-0.905014
-0.933858
0.804857
-0.625875
0.082171
-0.895799
-0.185783
-0.139075
0.636824
-0.784761
-0.118843
0.743441
-0.029512
0.905288
0.833843
0.068815
-0.697444
-0.065243
-0.008978
-0.144094
-0.815827
0.012212
-0.710372
0.750788
0.697306
-0.869945
0.016361
-0.056491
0.849762
-0.834135
0.913694
-0.106888
-0.297083
0.638747
0.059054
0.711829
0.154287
0.178978
0.758654
0.763395
0.777157
-0.841834
-0.767623
-0.791672
0.855878
-0.096832
0.141668
-0.024217
-0.067772
0.802350
0.125587
-0.015754
0.124645
0.856715
-0.012556
-0.650372
-0.863752
0.095356
0.167222
-0.059462
0.769018
0.705491
-0.189954
-0.091879
0.789715
0.038352
-0.686687
0.844142
-0.617330
-0.837532
-0.064623
0.756007
0.080204
-0.769716
0.874408
-0.944366
0.688044
0.160472
0.882472
-0.667095
0.079389
-0.234527
-0.862805
-0.087306
0.052532
0.071361
-0.004239
0.046913
0.876168
-0.866297
0.065260
-0.748961
-0.636715
-0.794419
-0.736593
-0.392167
-0.387209
0.874641
0.074385
0.791269
0.948038
-0.100632
0.563284
-0.015479
0.767300
0.597785
-0.009270
-0.219108
-0.802310
0.126397
0.779441
0.123520
0.693287
0.096173
-0.052750
-0.031541
-0.581468
0.645983
-0.075417
-0.817422
0.769117
-0.950862
0.096314
-0.908420
-0.681205
0.741151
0.180195
0.850194
0.704888
0.667400
0.643769
0.683362
-0.017124
0.061798
0.102660
-0.174355
0.731657
0.821788
0.855251
-0.041696
0.008300
0.712703
0.143317
-0.028602
-0.762514
-0.090742
-0.691448
0.612795
-0.705011
-0.024902
0.754722
0.044142
-0.577626
0.835893
-0.272790
0.810917
0.943386
-0.915215
-0.740705
0.715845
-0.161893
-0.045094
-0.027356
0.151552
-0.920725
0.135462
-0.632892
-0.016863
0.010758
-0.891247
0.072000
-0.653471
0.790735
-0.183594
-0.622986
-0.765601
-0.644963
0.841291
0.058251
-0.101844
-0.904169
0.011883
0.667245
-0.698490
-0.086384
-0.084460
0.831893
0.694688
-0.843228
-0.051477
-0.861472
-0.686272
0.855029
-0.739004
0.067192
-0.973941
-0.069377
0.659864
0.841937
0.926591
-0.058619
0.033688
-0.611868
0.038946
0.823960
-0.839604
-0.119290
-0.901095
-0.037412
0.810973
0.736347
-0.154117
0.669926
-0.717034
-0.066552
0.730903
-0.055474
-0.110871
0.135994
0.282561
-0.660411
-0.045984
0.206756
0.699610
-0.053068
0.023503
0.139593
0.823389
-0.757851
-0.791477
-0.047004
-0.028858
-0.602322
-0.014419
-0.162699
-0.038615
0.684087
-0.765233
-0.018384
-0.049067
0.491156
-0.915468
0.187225
-0.881860
-0.759261
0.005967
-0.021791
0.848235
-0.072704
0.889746
0.060659
0.014260
-0.744251
-0.720953
0.779084
0.137596
0.853234
-0.067148
-0.160220
-0.070419
0.106575
-0.077174
-0.067076
0.028043
-0.865309
-0.594834
-0.047372
-0.105339
0.832057
0.578731
0.050455
0.177130
-0.037818
0.628135
0.699225
-0.723701
0.032245
-0.849616
-0.080777
0.810806
-0.749373
0.224008
-0.783505
-0.782082
0.096215
-0.497671
0.623643
-0.864781
-0.879810
-0.621685
0.124960
0.000162
0.743130
0.833182
0.709005
-0.077125
-0.159883
-0.240117
-0.310119
0.147382
-0.763414
-0.170626
0.091163
-0.705385
0.854189
-0.795379
-0.043641
0.739858
0.971610
-0.516477
-0.165914
-0.674095
-0.061865
0.230190
0.020445
0.879932
0.793519
0.019008
-0.008002
-0.765657
-0.517711
-0.507548
-0.085566
0.058360
-0.024160
-0.017990
-0.600027
0.741526
0.212392
-0.120824
-0.836306
0.697246
-0.815794
-0.690493
0.189630
-0.644281
-0.003006
-0.671874
-0.837307
-0.812006
0.343757
-0.763869
0.143156
-0.038444
0.124964
0.035006
0.603179
0.874364
-0.091822
-0.800658
-0.855940
0.642591
-0.713927
0.026784
0.128315
-0.717758
-0.780805
-0.078492
0.670785
0.133616
-0.007625
-0.039939
-0.854815
0.818557
0.623235
-0.786946
0.158491
-0.803743
-0.915631
-0.619057
0.772577
-0.884603
0.099133
0.150577
0.024249
0.127072
0.874935
0.009138
0.226942
-0.046413
-0.820569
0.646006
0.815290
0.533469
-0.073059
0.683648
-0.210826
-0.117242
-0.782092
0.628083
-0.822387
-0.877294
0.178261
0.918699
-0.890086
-0.767055
-0.575763
0.127098
-0.136054
0.617602
-0.139791
-0.581156
0.127533
-0.025005
-0.192683
0.867513
0.106937
0.163615
-0.854493
-0.654151
-0.194061
0.096181
0.495177
-0.261300
-0.004532
-0.026745
-0.060570
-0.174123
0.036691
-0.726958
0.200182
0.024148
-0.634890
0.941221
-0.003064
-0.744455
-0.819261
-0.181449
-0.725733
-0.073665
0.001269
-0.164584
-0.734202
0.103545
-0.090568
0.950210
-0.010546
-0.823025
0.622344
0.640555
-0.209915
0.842431
0.357334
-0.197288
0.442009
0.030491
0.897160
-0.072604
-0.233295
-0.762892
0.895375
-0.780080
0.593509
0.063021
-0.064436
0.035243
-0.794582
-0.837590
0.751354
0.628398
-0.089264
-0.011350
0.745825
0.187622
0.010599
0.001912
0.679038
0.030460
-0.892311
0.930612
-0.050412
-0.591324
-0.851196
-0.871004
0.837368
0.872622
0.220607
0.026796
-0.781535
0.705004
0.052617
-0.860470
0.012510
-0.150765
0.173034
-0.723710
0.785228
-0.012350
-0.609478
0.144208
-0.918153
0.122433
0.168005
0.861270
0.659882
-0.051560
-0.214714
-0.740691
-0.140345
0.870763
-0.724499
0.098002
-0.789349
0.030443
-0.637986
-0.044036
-0.771753
-0.017379
0.169674
-0.600500
0.184223
-0.766611
0.830789
0.107264
0.707816
0.694422
0.779226
0.847793
0.895483
0.726979
0.055355
0.015412
-0.818277
-0.734666
-0.813419
-0.833109
-0.066657
-0.721731
-0.053052
0.914391
0.171008
0.759936
0.910266
0.173594
0.020926
0.774019
0.801717
0.066013
0.074675
0.025291
0.716551
-0.025776
0.098856
0.663383
0.122758
-0.679797
0.062756
0.707426
0.893487
0.879076
-0.820102
-0.028108
-0.592531
0.041487
-0.696395
0.123212
-0.790904
0.003205
-0.954857
-0.008177
0.952060
-0.690274
-0.675030
-0.058019
0.049868
0.516718
-0.778551
0.882009
0.101723
-0.049042
0.724521
0.840251
0.075492
0.173212
0.267862
0.131326
-0.670994
-0.859205
-0.021734
0.891686
-0.806663
-0.842042
0.605106
-0.680773
0.057188
0.769417
0.156121
0.666038
0.716998
-0.770349
0.664852
-0.794369
0.873049
-0.749239
-0.118488
-0.348668
-0.083204
0.002094
0.032771
0.762197
-0.052435
-0.087680
-0.001891
0.057155
0.899190
-0.045799
0.746676
0.777356
0.752564
0.023524
-0.795512
-0.189547
0.805106
0.792948
0.707400
0.852839
0.015444
0.601222
-0.091170
-0.796591
-0.001845
-0.821948
0.817671
0.800191
-0.111542
-0.603531
0.039547
0.729589
-0.035702
-0.535855
0.253591
-0.779116
0.750853
-0.725161
-0.004505
-0.793831
-0.773427
0.746343
-0.906103
-0.861338
-0.064369
-0.228400
0.835203
0.677946
-0.095398
0.085536
-0.096837
0.215157
0.085321
0.773788
-0.891085
-0.059126
-0.016316
-0.645847
0.759605
-0.026645
-0.604639
-0.626525
0.662025
-0.077928
0.022081
0.173413
0.823177
0.014078
0.841459
0.026858
0.508622
0.779496
-0.787315
-0.248903
-0.020258
-0.627789
0.761410
0.789953
0.964466
-0.011216
-0.811137
-0.048394
-0.036577
0.148337
-0.695242
-0.653415
0.704642
0.742973
-0.135251
-0.008939
-0.696278
0.945410
0.020032
-0.700193
-0.823129
-0.537527
0.778312
-0.031875
0.777162
-0.832638
0.848173
-0.879881
0.765729
-0.879099
0.007162
0.814037
0.864903
-0.731780
0.170504
-0.186316
0.190074
-0.654586
0.826112
0.057765
0.064288
0.116734
-0.705343
0.027810
-0.042352
-0.228942
-0.163214
-0.105751
0.884207
-0.099450
0.809135
0.035536
0.875569
0.207136
0.044221
-0.746729
0.230004
-0.830724
0.120614
0.172395
-0.134008
0.594593
-0.804702
-0.500865
0.002182
0.005797
0.094544
0.094112
-0.725742
-0.756902
0.091250
-0.159989
0.166113
-0.211981
0.752282
0.041248
0.024670
0.857166
0.037982
-0.884777
-0.038805
0.833368
0.326098
0.001046
0.287371
0.902006
-0.175865
0.024626
-0.086695
0.115819
-0.796627
0.829654
0.772533
-0.919524
-0.781672
0.284691
-0.025382
-0.783627
-0.679498
0.863277
0.761549
0.118970
-0.761055
-0.114303
0.268371
0.108084
0.280259
0.138357
-0.735359
-0.475465
0.806611
0.079930
0.037518
-0.752662
0.783488
-0.166239
-0.128773
-0.029498
-0.013020
-0.694419
0.029158
-0.187001
0.896010
0.734836
0.119668
0.814103
-0.786202
0.021695
0.833414
0.166046
-0.740615
-0.830837
-0.786833
0.184660
-0.019741
-0.865308
0.052880
0.734754
-0.752873
0.948417
-0.020086
0.790645
-0.883024
-0.780050
0.175814
0.874269
0.234536
-0.042893
0.895359
-0.008460
0.596361
-0.031672
0.791607
0.071167
0.627046
0.658582
-0.949885
0.007309
-0.075798
0.085949
0.631583
0.610237
0.697428
0.735365
-0.038929
0.069577
-0.070521
0.081038
0.677387
0.191450
-0.701267
0.613919
