2.776152
3.502875
-2.858697
-4.199305
-4.271132
2.999574
2.076785
2.240204
-2.659901
2.231422
1.334172
2.663701
-2.898328
-1.993509
2.799143
-1.478909
2.758332
-2.293467
2.772989
2.063015
3.176153
-0.925883
-2.476150
2.165363
5.452254
3.137054
2.526005
-3.468226
5.198875
1.410969
-3.305472
-2.747504
1.476057
-1.283457
-2.394653
-3.520599
0.923404
-0.658240
2.011818
3.119642
-1.991398
-1.302785
-1.612899
0.890542
-3.529981
-2.367454
-4.743524
2.096693
1.099914
2.943032
-2.080154
3.145933
1.849947
0.203801
2.303709
-2.566804
-1.496412
3.953411
-1.946996
3.013939
1.055227
3.840334
-1.991414
-4.099735
-3.338987
1.848985
-1.649981
-2.766284
-1.559147
-2.709979
-3.968291
-3.780369
2.919942
-4.591606
-0.822178
3.134421
-2.883911
2.261129
2.605438
-0.894257
-2.476209
-2.789991
3.317783
-2.199189
-2.229847
2.829693
-3.507984
2.659631
-3.340730
2.662332
2.314824
1.985734
-2.269638
0.911010
-3.390647
3.597559
-1.968121
4.031098
2.405395
1.692889
-1.801842
-3.643663
-2.120767
1.110328
-1.984528
-3.076609
-3.312018
-1.793894
-2.573754
-2.952060
2.626667
-0.637015
2.263260
3.067803
1.597040
3.201664
2.965174
1.546973
2.227941
-2.694076
1.811419
2.118976
-2.092791
2.763108
3.556257
1.637793
0.263642
2.675328
-2.348852
1.898874
-2.125601
-2.914939
-3.680914
-2.472761
-1.750546
2.511299
-3.206973
-2.382780
2.300520
3.122345
-3.082466
-2.755614
3.827983
2.879813
-0.690180
-1.727307
2.627936
-2.631004
-3.003481
1.308423
3.391560
-2.996025
2.917121
1.600721
-2.656155
1.727888
-3.256526
2.559594
-1.729717
-4.783047
-2.805096
0.987952
-2.445272
-2.497082
3.412068
-2.676199
3.501052
-4.201416
1.664816
3.341758
-1.310096
-2.891048
-2.942902
3.533068
2.382066
2.131229
-2.622458
-1.360083
0.257238
-2.608345
-2.220053
-2.527423
-1.787844
1.971115
1.599204
-1.829593
2.866149
-2.102584
3.448244
-3.900807
2.657295
-2.455782
-1.011339
-2.513090
-1.934429
2.061374
2.561277
1.922794
0.874572
-0.306075
2.523769
-1.956136
1.065253
1.294247
1.671126
1.079215
-2.331286
-4.226916
-1.729142
-1.245831
2.470054
1.967989
-1.709099
2.625061
-1.604007
-2.269678
-2.753417
1.710338
-4.026071
0.449700
2.957335
-2.975450
2.991636
-3.063159
1.771845
-0.414938
2.735099
-1.553238
1.795107
-3.329002
-2.440891
-2.896062
2.447233
-1.673130
3.294909
0.616011
-2.241906
3.184174
-1.302609
1.278072
-2.684345
1.453823
-1.591367
1.016442
1.612005
1.734730
-2.046875
-3.010704
3.524320
2.113124
2.695182
-0.244608
3.098852
2.547016
2.499542
-2.194184
2.818981
2.985966
0.270101
1.134033
-3.181477
-2.309982
-1.769284
2.680028
1.162468
-2.894419
2.305442
3.126758
-3.731754
-2.239042
-3.561421
-3.892574
2.658974
-2.513699
-3.443500
3.511897
3.366395
-1.993666
1.848420
-0.417377
3.614498
3.210145
-1.842998
4.324034
2.277236
2.071709
-2.823222
-1.651865
-2.004870
2.749704
-2.670303
-1.973187
1.573144
-0.463654
-0.971181
-1.541313
-4.038034
3.359898
2.157554
-3.029404
1.513751
-2.900830
-2.406405
-2.559619
0.627464
3.243079
2.093534
-3.625961
2.700020
0.469592
3.985379
-2.323395
2.644194
-2.361373
-1.708018
2.312324
2.110867
-1.590195
-2.202666
-2.175273
-0.661623
-2.041754
1.823458
1.133898
2.128243
2.092105
-1.244443
-1.395529
-1.564023
1.439634
-2.194019
-3.617513
-2.632146
-2.918142
-2.425212
-2.062566
-1.090781
3.056557
1.223761
-1.647724
2.257057
-1.087906
-1.291381
-1.874508
-2.506305
1.279738
-3.743775
2.511159
-3.603326
-2.234355
-3.539942
-0.345541
2.033586
2.254168
-1.405050
-2.183152
-1.926150
1.928945
2.933454
-3.249933
-2.353450
-3.499469
3.397365
0.959881
0.241066
-3.555617
-4.093563
-3.206559
2.368484
1.274590
-2.896731
-3.458524
1.364844
-1.229841
-4.183365
1.618696
1.734215
-1.685120
1.910092
2.243003
-3.720767
3.902980
-1.711601
-2.620562
1.582741
-1.808768
1.672577
-4.502002
-1.107883
-2.413130
-2.586030
-1.002377
-0.188619
2.613609
-0.549284
2.564696
2.584991
1.544987
-3.232413
3.349141
2.477193
4.716376
-2.058278
-3.287472
3.195767
2.928456
2.089154
3.539658
-4.103684
1.543864
-1.317490
-0.714462
-2.102530
-0.869598
3.568077
2.876427
-1.437564
2.032344
-2.355544
1.112917
2.864539
3.879183
-0.971510
-2.260456
-1.693224
3.199787
-2.891078
-2.849075
3.103350
2.268147
2.723343
-2.897242
-1.885520
-1.648957
-1.590747
3.940617
-2.525130
0.387541
2.722853
-2.261793
-1.541304
1.669163
3.142146
4.318211
2.981879
-2.943037
1.407842
3.985978
3.108319
1.070766
-0.785621
-0.408858
-1.885991
-2.699951
-3.049158
3.123873
3.470197
2.526314
2.131041
0.655983
-2.077249
-2.517340
-1.907563
2.373528
-1.424823
-3.887902
-2.434740
1.799875
1.392808
-3.214008
-2.953544
-1.577853
1.757199
-3.400748
-2.305359
2.603252
-2.606539
-0.230239
-2.593016
-1.235473
-2.309490
-2.365314
3.349594
1.571587
-0.598157
3.977124
-3.070173
2.174409
-4.360352
4.361230
3.004776
1.392853
-1.283784
-1.244832
-1.104053
-1.966260
0.727914
1.909183
-3.255579
-2.536019
-3.274644
-2.838524
-2.923649
3.570740
-2.051253
1.099994
-2.386356
-2.639956
1.318407
2.562128
1.625155
-2.076838
-0.915099
2.594951
3.987300
-1.617688
3.975055
4.300094
-2.963122
-2.000120
-4.363066
-2.427276
-4.038345
-4.575436
-4.455307
-2.316591
1.411047
1.058982
-2.623729
2.442215
2.884121
3.008193
-2.097721
1.223774
-3.740304
1.466138
-3.437766
-2.402080
4.282151
2.560773
-1.380536
-3.359993
1.706745
3.116355
0.627835
3.449431
-0.780292
4.259475
1.905587
3.704182
1.213982
-2.023642
2.326830
2.424401
-1.457143
3.205783
-1.905218
-1.097275
3.440428
-3.709441
2.139199
-2.233503
-0.894804
-1.815560
-2.295784
-3.329160
3.302461
2.833002
-3.811374
3.448578
5.752351
-2.367139
2.531241
1.543631
3.587474
-0.712038
2.853221
3.469658
1.303596
-1.848281
3.723563
-3.245526
-1.586383
-2.785767
-2.468306
-2.041865
-2.655030
1.932764
-3.065070
-4.094493
-4.209974
-3.312383
0.167336
2.861517
-3.353100
2.715859
-2.206072
2.366983
1.423386
4.124697
1.721442
2.814024
1.065308
-1.647113
3.468284
-2.077168
0.775979
-3.167983
-2.068391
-2.426272
3.464134
-2.392675
-1.800727
2.406770
-3.630922
-1.272622
3.292903
3.460149
1.884233
-3.804558
0.747836
1.802208
2.621697
-2.641574
-3.607073
1.044547
-3.747617
3.034661
-2.807458
-2.303998
1.916528
-3.835029
-2.311901
-2.817272
2.379406
3.838102
2.245307
-3.395650
-0.920465
1.802135
3.470450
-2.580597
2.337124
-2.359211
-1.290507
-1.356159
3.277808
-1.784693
-1.723822
-3.159267
4.233245
3.264845
-3.606746
3.343816
-2.973630
-1.717676
-1.634009
2.913450
-2.470234
-2.934173
-3.317001
-3.442064
2.987014
1.637890
2.128353
-4.272686
-4.158168
1.788067
3.655401
3.780316
-1.450271
4.161006
1.450757
3.204553
2.905344
-1.293657
-3.251727
1.745593
3.578502
2.791708
-3.305028
-0.784319
1.826651
3.903239
-2.866080
-2.302100
-2.739626
-4.174674
2.346527
-3.021810
-3.117685
-2.255362
-2.728030
-3.519260
1.678479
1.109613
-1.952291
-2.574236
-4.313938
-2.252479
-1.680802
3.811755
-4.128280
-2.231922
-1.865866
1.934856
-1.566539
-1.873862
-2.412018
-4.279962
2.185969
-3.602506
2.685379
2.685258
-2.018412
0.860239
3.090212
-2.768931
2.853619
2.884443
-2.879640
0.726405
2.995694
2.523489
1.812893
1.852415
3.102521
-5.390047
2.501498
-1.033146
-2.818688
-1.978607
2.478772
-0.713018
-1.544120
-1.792087
-2.157180
2.328991
0.458827
-1.490984
-3.663331
1.125202
-2.690956
1.316084
-0.671291
-1.900803
3.311777
2.283333
-1.305237
-2.591416
-2.735602
1.332378
-3.172112
1.596824
1.860540
3.295698
2.813186
-2.881303
1.862824
-4.140951
-2.421694
3.924552
-1.631225
-2.931238
3.313947
-0.270358
-1.574228
-5.307348
-2.443166
2.963997
2.526668
2.716608
-2.416693
-1.897774
-4.087438
-3.569789
2.868091
2.279285
-2.276976
-4.350319
3.843330
2.900402
-0.287461
-1.599215
2.378445
-2.026199
-2.341643
-2.207234
2.798229
1.785413
-0.955274
-2.624473
-2.910046
2.315859
-3.224966
1.535561
3.104432
4.385664
-1.978846
-0.721696
2.440039
4.362126
-4.478446
2.898525
-2.680445
3.549787
1.413680
3.053951
-3.736862
3.373267
-4.616586
-2.658602
2.109267
3.286055
3.068937
-2.626677
-2.502044
3.033632
-1.677678
-1.866371
1.958146
2.287393
2.989888
-3.730168
-2.307232
-1.781668
-4.206066
-4.478763
-3.544045
1.859029
1.387496
-1.516842
-2.699978
-2.112681
-1.665857
1.919778
-2.756576
-1.506156
2.104525
2.061059
-1.456373
-1.986399
-1.974276
-0.241553
-0.944799
-2.191592
2.293560
2.610297
2.866026
-3.517535
-1.678255
-0.726102
-0.576705
3.493297
3.289360
-0.208748
-4.042695
-3.201580
-2.862271
-2.237325
-2.482042
-3.513387
-3.154368
-1.032128
-2.823889
3.462490
-1.563422
-2.467278
3.307967
1.834853
-4.873348
-3.704449
-2.758450
-3.507439
1.688924
-2.316193
1.485336
-3.351584
1.283127
2.182948
1.385928
3.356950
1.411724
3.519964
1.993636
3.998538
-2.322672
-2.684044
2.348146
2.404343
-3.264458
-1.549717
-4.052170
-1.438728
-1.967394
2.524548
-1.760830
3.186003
-2.303123
-4.316013
-2.244714
-3.181729
-3.581189
1.517956
-2.050764
-4.099577
-2.090613
-1.784915
-3.857560
2.077967
1.794510
-1.539131
1.509779
2.394950
-1.802497
-1.282090
3.625719
2.562486
0.978200
2.351742
3.315980
3.791687
-3.524046
2.696425
1.362730
-1.018159
0.457084
-1.628304
3.959453
2.440456
3.098466
-3.137816
-2.068184
0.586417
-3.884734
-0.756803
-2.457296
-3.869092
-3.143176
-1.986554
-0.886539
-1.785809
-2.314289
1.804726
-2.021843
-2.461997
3.030152
2.411272
2.220960
2.180375
3.042042
-3.986431
-3.389144
-2.729928
2.014240
3.015824
-3.941062
-1.672177
-1.934663
2.017161
-2.792285
2.425711
3.760749
4.024877
2.711547
2.642326
-2.777105
-2.355969
1.583304
3.096235
-2.409108
2.560613
1.180864
-3.062788
-2.875508
2.137440
3.609270
-3.008947
2.897904
3.152872
-2.563900
2.795815
3.092313
3.361979
2.718998
3.166669
3.025119
-3.176700
-2.406377
-1.747292
3.603278
-3.985833
-2.392008
-3.727452
-1.583474
3.202820
1.436748
-0.904638
2.520677
2.055134
2.224138
-2.823407
3.830223
-3.898559
-3.184702
-1.504492
2.720527
1.024440
2.148332
1.468497
-1.488691
-2.565732
-2.686448
2.854929
-2.151876
2.511279
5.006061
-2.616806
3.537926
-2.163356
1.152064
-3.518178
-1.935953
-4.404198
-2.731104
-2.964555
-3.170514
1.602715
1.699153
-3.807376
0.831926
1.964664
2.684433
1.674857
-2.064922
-3.483963
2.553157
2.999365
-0.545468
-2.873513
-3.454533
-2.042337
2.842211
2.289091
-1.781379
1.984226
-2.798539
0.299157
3.927121
-3.493890
-1.379188
1.942484
1.633713
1.899843
-2.353865
0.732770
-2.028601
2.524290
-2.305256
-2.000926
-2.515581
-2.087032
-3.550826
-2.572778
-2.182928
-1.338255
1.426296
2.901672
-2.890159
2.748124
1.928833
2.690010
1.386691
-1.000455
2.686453
-2.018521
3.508288
5.034991
-5.301606
-3.328084
1.741617
2.712450
-3.276841
3.556645
2.800707
-2.609069
-2.390706
-0.706972
2.642817
2.693141
-2.671018
-3.171157
2.190630
-2.220507
-2.414454
0.704426
-0.826150
3.548805
1.047014
3.065254
2.632125
2.027572
4.029263
-1.177151
1.463203
-3.031013
-1.798461
2.211949
2.916482
-1.725071
2.032234
-3.136624
-1.174737
3.283725
1.696667
1.678009
0.907505
-2.921568
-1.649723
3.186163
-2.476687
1.686096
2.163777
-2.263322
-1.205378
-3.889431
-2.246313
-2.382007
1.426295
-2.650744
1.853410
-3.188347
-2.991459
-1.230904
2.397940
4.037867
2.835745
-3.957386
2.224275
-4.147563
-3.215513
-2.359290
-2.378092
2.434698
4.588279
1.520409
-2.869035
-1.943601
-3.142719
0.908486
-4.430848
-0.829743
-2.516229
-3.430079
1.665848
2.820461
-3.232812
-1.002201
-4.206322
2.310156
4.061864
3.136572
4.206820
2.557174
-1.758405
2.583506
-1.549758
2.425735
-3.098205
-2.465063
2.713297
2.006317
-3.234965
2.484711
-2.382814
-2.495224
-2.346902
-1.777172
-2.172381
2.346964
2.380821
-3.041310
2.540686
2.446239
0.867563
3.508587
2.779753
3.558731
-3.935378
-1.675860
0.784481
2.910858
2.411941
-2.950315
-1.565388
-3.874423
-3.604478
-1.681755
-2.825448
2.984011
-3.682958
2.497660
-2.066846
1.213365
2.304858
2.981854
1.714935
1.125995
3.953031
1.211973
-1.978155
-3.132076
-4.034530
2.081426
-1.875049
-4.632511
-2.037771
3.558402
-1.885127
-2.926158
-2.063434
1.617149
3.430796
-2.636627
2.929102
1.834374
2.650259
-2.688710
-2.125377
3.306345
0.217370
1.642699
2.191087
4.038465
-1.738184
3.759247
-2.890783
2.888828
-3.495774
-1.726725
-4.000716
0.601278
1.895301
2.518350
-3.694364
-2.469041
2.631477
2.447918
-2.743588
-1.980188
-2.709951
-4.155458
-1.332458
-2.081703
-2.033833
-2.626793
-0.818562
-2.129517
-2.549110
1.846358
3.214707
0.268010
3.263751
2.872647
1.842816
1.960697
-4.764511
2.136106
2.125320
1.731069
-1.707846
-1.872397
3.061040
-1.852240
-3.029185
-3.119028
1.796126
-2.338308
-3.486831
-3.943259
2.066214
3.866114
-3.967258
-2.232544
2.115951
1.969201
1.783443
-1.332685
3.913015
-3.871730
-1.869921
-3.045434
1.514554
2.906994
3.404997
-3.729088
0.638222
1.371581
-2.154695
1.865818
4.061927
3.619677
3.957681
3.517362
-2.318526
2.309290
-2.520176
3.389522
3.938859
1.901115
2.020081
-1.925140
-3.173426
-1.912224
2.390206
1.248088
3.666388
-1.184575
-4.098420
3.281708
2.565252
4.738516
-2.789633
1.925045
-3.352586
-1.290030
1.938234
0.166905
-1.871140
2.865359
-2.503663
-3.322203
-1.689124
4.112632
-2.772887
2.804040
-2.849365
-4.499109
-3.477992
-4.533505
-4.373612
3.954365
-3.189093
-4.473704
2.635219
2.096893
-2.592168
-2.511874
3.708229
-3.040837
1.575958
3.302725
-1.819337
1.699322
-2.495463
-1.550876
-0.882584
4.384000
-1.375914
2.895353
-3.329334
3.060202
-3.512752
3.464221
3.754743
-2.363623
-1.004870
-2.051338
1.920728
-3.419156
3.995623
-1.348043
2.619813
3.153360
-2.124891
2.942871
-2.934892
-3.426557
-3.681898
2.572262
-2.473239
-1.190644
-0.610491
3.635437
-2.681550
2.508109
-1.929231
1.560547
0.697345
2.133193
-1.996315
3.249170
-3.217451
-2.249103
4.905912
2.512279
-1.445795
4.721935
2.519210
-0.898024
2.550139
3.305682
-3.205024
-2.175790
2.055119
-0.650438
2.207698
3.182751
2.471781
3.161359
-2.287828
-3.201110
-3.384551
2.214310
-0.992209
-2.771918
0.046736
2.953803
3.134195
-4.397201
-5.186030
2.487187
-2.255216
1.833701
-2.644797
2.844916
-2.396435
-1.997588
-1.725164
3.447322
-2.378150
3.907999
-0.549367
4.059118
-2.422294
1.563784
2.584498
2.103849
3.526067
-1.335649
1.473472
-2.324380
-2.801722
3.757792
-3.132899
1.663899
-2.433126
3.038417
-2.162315
1.425722
2.104166
-2.253074
-1.193807
2.587699
-2.307084
0.948251
-5.001041
0.450866
5.318490
3.091467
-0.168894
-2.582651
-3.676885
-3.522668
-3.048872
-1.211908
2.149345
1.653389
-3.066396
0.066318
-2.602015
2.890096
-2.402652
-3.226740
-4.172573
-3.193053
-3.723669
-2.524237
-2.076966
-1.374779
3.195472
-4.529309
2.676946
3.015931
-4.318389
2.201388
-3.744184
-3.129605
1.463323
2.285963
2.442442
-1.684269
-2.373757
3.522775
-2.179792
4.956985
3.630622
-2.131620
-3.690673
-0.590689
-3.250273
2.110277
-1.501368
-2.202644
0.288681
-0.948830
1.464706
3.479837
2.539952
-2.610268
1.730494
2.693768
2.195029
2.338473
-2.635944
-2.761612
-1.711506
-2.992184
-3.872746
1.652819
-2.140959
-3.874652
2.423031
4.851547
-1.815866
2.822373
0.004648
1.608493
2.220002
1.391819
4.426228
-2.276754
-1.468820
2.875515
-3.804626
-1.219771
-3.427501
-3.379687
1.546126
-3.856756
0.798055
2.877178
2.825712
-1.917860
-2.687306
2.845206
2.131174
4.133321
-3.527530
1.391854
2.200053
1.176097
3.113343
3.861718
-3.917318
-2.837965
-2.965541
-2.254397
-3.614794
-1.465968
3.164836
-2.828783
2.629454
-2.452578
-2.136273
-2.940419
-1.008700
-0.123943
-2.264667
-4.276050
2.226689
2.212422
1.425759
2.331197
1.561430
-1.990194
3.061306
-2.516310
2.136998
3.096261
-0.641255
1.645728
4.816476
2.029484
1.923555
-3.932105
-1.393707
2.458791
-2.847246
1.694418
-2.200163
-1.687894
-2.994477
1.878123
3.740282
-2.057164
0.934078
1.478265
-4.050847
2.549555
1.326386
-2.979100
-1.842586
-3.170855
-4.167046
2.083538
1.513223
1.567514
3.522220
2.705184
-3.818430
-1.723646
1.915221
2.777852
2.860840
1.192536
-2.552537
1.075560
2.136179
-1.617953
-2.507031
3.418559
-1.562602
3.390058
-1.687226
-3.698254
2.616465
3.644663
3.017105
-2.280545
2.043787
-1.318195
2.298194
-2.736002
1.580256
-2.201603
1.824465
2.359725
-0.499270
-3.038764
-2.175004
3.225459
-3.247787
-3.295501
3.188510
-1.265108
3.173807
2.718238
4.041668
-2.161710
1.638544
-2.148926
2.692031
1.937164
-2.764202
1.556274
-3.343539
2.658796
-3.346900
1.610505
2.952593
2.037942
-3.390636
2.565041
2.354538
-2.997169
-1.565007
2.314299
-1.061844
1.896093
-2.564549
0.725000
-4.462635
-2.723436
-3.619616
-1.769317
1.017042
-3.110312
4.787876
3.627293
-2.690496
-2.477907
3.085327
2.992915
2.235283
-2.106996
2.341587
3.012688
2.049980
-4.047051
1.741481
-1.162743
-2.133439
-3.434196
3.221971
-3.949092
-2.084018
2.773451
-3.731216
-3.388439
-2.446252
-2.247947
2.297938
-1.914948
1.516041
4.206514
2.204457
-1.688373
-2.594224
3.007730
-1.515865
-2.758553
2.232990
2.547809
3.097790
-3.149332
-2.473297
2.174978
1.660934
1.197451
2.423079
2.428924
1.663733
3.314825
2.272598
-1.682881
-1.492807
2.338088
-2.547370
-4.187488
-2.411019
-2.517281
-1.285375
-4.528318
3.680380
3.726645
-2.169375
3.167892
0.525300
-3.396155
-1.982237
2.299699
4.079077
-3.033082
-2.290550
3.599206
-1.617092
3.143241
2.197575
-3.471911
1.709340
-2.910864
2.296452
1.723365
3.922192
-1.167216
3.978928
-2.860364
-2.048586
-3.063095
-2.598408
2.612040
0.747822
3.413541
1.480679
0.731362
-4.368096
1.882829
1.137141
-0.854040
2.701906
2.798553
4.714393
-2.652855
-2.919217
2.000958
-2.237639
2.730819
2.237656
-3.191961
2.234366
-3.420810
-1.937950
-1.666678
1.419055
-2.329134
2.143470
1.911322
-2.194372
3.428254
-1.398590
1.789879
1.385122
3.675970
-2.898296
-3.764449
-1.663965
2.859345
0.498274
3.235444
3.650762
-1.881350
4.669963
-1.017814
-2.512225
-1.958711
0.386347
4.780079
-2.469185
0.027864
3.071811
-0.665783
-2.240939
-1.359858
-1.544142
2.904417
-2.290257
-2.390358
-3.679362
2.543236
3.247538
-2.093076
-3.169156
2.233157
-2.389220
2.937844
-1.304348
-3.796216
-4.781063
-1.394124
-1.243716
3.351328
1.439430
-3.787679
2.409072
1.969050
-2.239059
4.182507
2.026917
-0.648254
-2.819230
-3.251467
-1.927766
-2.013241
-3.902235
-2.985982
1.559989
1.689430
3.351363
-3.986718
2.146742
-2.747182
2.498240
-3.848311
-2.998730
-3.569547
1.203519
-1.983801
-4.198834
-3.512637
-1.292539
3.378389
2.513411
-1.403189
-2.684674
-2.643376
-2.286957
0.981642
1.952918
2.600471
3.461753
2.985380
-1.956388
2.758922
1.170265
2.864978
2.336472
1.670995
2.651376
-1.725680
-2.848839
2.304798
-2.748040
2.222226
-1.987433
3.127170
3.789611
-2.443407
4.136220
-0.444259
2.243082
-2.516950
-3.013834
-3.110736
1.958701
2.446308
-3.862403
3.654061
1.933481
2.069408
3.391781
-2.765628
-1.637667
3.401190
-3.481713
-1.302542
-4.806972
2.452042
1.855030
-1.570395
3.024164
2.488888
-2.744043
-2.945754
2.253548
-1.959650
4.287855
-1.366602
-3.305523
-2.956082
-2.659846
1.631606
-3.227573
2.265687
1.648397
2.415847
0.732980
2.734973
-2.694612
3.613251
-2.029395
2.135111
-2.846216
-4.276439
-1.539613
-3.167887
-2.425618
3.303213
-1.008459
2.008892
-0.350378
-3.593527
2.339364
-1.902100
3.426574
-2.218310
3.162668
2.395098
2.510802
1.467436
-1.751630
-1.155026
-1.001686
1.307700
1.606904
3.147827
1.391314
1.217822
-2.649678
3.067168
1.784320
2.275336
4.110207
2.871080
1.372408
1.677622
2.229922
1.696632
-1.655909
-1.386873
3.172089
2.193899
2.491129
1.279783
0.902635
2.169252
2.312961
0.927646
-1.743155
3.824909
1.349735
-3.019866
3.956020
-2.551508
-2.872652
-2.358494
-1.140801
1.560868
-4.135435
-2.712444
0.856469
-1.808967
-3.322838
-2.093589
2.618640
-4.208620
-1.007704
-1.964185
-3.165142
-1.802716
-1.806198
1.876476
-3.903331
-0.460639
0.525568
-3.121345
3.716351
0.016964
1.687111
1.939271
3.927010
-2.189018
2.920913
1.536547
-2.774898
2.409427
-1.027054
2.835972
-4.089373
3.952224
5.038163
3.639836
0.632464
-3.180491
-4.036940
0.481001
3.626760
-3.291502
-3.537918
-1.578675
-4.924587
-3.398492
2.300310
-2.972297
0.364971
2.470672
-3.471618
-1.990670
-1.336087
1.404963
-0.732488
-2.735384
2.316829
2.400611
-2.073250
1.903883
-1.265225
2.268526
2.071975
2.130257
1.665704
2.828031
2.517528
-1.367965
-1.971848
-1.227889
-1.544776
3.599733
-3.763237
2.543044
-2.846995
-2.048090
-2.061350
1.350923
2.370029
-1.629505
3.226612
-2.501206
2.061466
1.581001
1.673646
-3.149166
-3.325549
-0.471086
1.862550
1.816687
-2.968708
-2.199752
-2.528728
-3.404473
2.106101
-3.184520
3.143883
3.907359
1.867595
1.126119
-1.643797
3.481970
-0.131950
4.846611
-2.071746
2.994740
1.066321
2.731871
-3.203085
2.383874
-2.310918
0.323762
-2.394614
-2.218970
0.977142
-2.963127
2.890686
-3.096046
-5.163755
-1.910587
-1.489425
-1.833120
3.106105
-2.888390
-1.797071
-3.740329
2.043513
2.193487
2.493672
1.855600
-1.621940
2.600249
2.778224
0.950739
-2.406749
3.191156
-3.215817
-1.810105
-1.815621
-3.570786
-2.744601
-1.965553
1.439518
-1.880039
-3.456823
-3.529523
-2.792953
1.581753
-0.654651
-2.724505
-1.963421
-3.478908
-3.385104
0.157691
3.992194
1.532501
2.037470
-1.171114
-3.322935
-2.492947
3.624091
2.154720
-4.396842
-1.738611
2.897562
2.068406
4.857797
1.417804
1.052468
-0.668672
-1.132385
2.443302
-2.164615
-3.355570
1.539359
1.845125
1.814132
3.110114
-1.120607
2.560971
3.808382
2.614437
3.614207
2.253124
-3.693457
3.311714
2.717280
0.648784
-3.193855
4.362912
-4.037927
3.135278
3.173412
2.992211
3.618653
-2.953883
3.810381
2.189079
2.772643
2.595246
-2.073895
-3.480243
1.694730
-0.555066
-1.821767
-2.550502
-3.012018
-4.253704
1.231092
1.345324
2.120573
-0.982601
1.136161
3.044011
1.205904
-1.977608
2.896444
2.463630
-3.291381
-2.511947
-2.866050
3.297816
-3.858115
-4.463608
2.613862
3.237482
1.294874
0.497586
3.712488
0.997048
2.174593
3.239156
-0.651495
-2.852320
2.373363
-2.155391
1.826328
-2.076208
2.578925
-2.084572
3.064345
-2.391740
-2.112751
1.420661
-1.358509
0.767583
3.003048
-1.674415
-3.568861
2.287716
-3.692242
3.805574
-2.526895
-0.585531
-0.387524
-1.817862
-3.922361
-3.596696
2.482360
-1.212002
-0.929779
1.738914
2.674610
-4.439279
2.686061
2.225605
-2.871189
1.697039
3.337631
0.966132
-2.170654
3.538744
2.473137
2.682820
1.720891
-1.948979
3.565342
1.874065
-2.697188
-2.302206
1.581209
3.890504
-1.657152
2.036995
1.581954
3.027286
2.459209
3.831400
3.867649
2.425472
0.697512
5.019385
2.562201
-3.096162
2.895325
2.196739
-0.653262
-1.190478
2.691788
0.910609
-2.035641
2.513071
-2.030095
2.829777
1.115281
3.248659
4.025531
-1.800919
4.212353
-1.768189
3.130495
1.536359
-3.360547
-3.080058
1.084399
1.264830
1.217680
2.762503
2.606270
3.577626
-1.486057
4.876956
2.006349
1.799708
2.790266
3.638596
-2.410992
-3.279054
-4.728748
1.482035
-3.155914
2.115764
-2.242084
3.706820
-2.232887
-4.544666
4.440123
-4.587509
-1.107246
-0.510221
3.067201
-2.559902
-3.528554
1.561694
-2.480676
-1.964847
2.502051
-4.489634
1.202988
-2.587356
0.195442
-3.214589
2.452202
-1.917817
3.625934
1.223527
-2.266047
1.652891
-0.628438
1.924395
-1.621884
-1.570781
-2.508488
-3.163698
-2.433161
3.477820
-2.991353
-1.422401
-3.051395
-1.121702
2.265880
-1.533958
2.838755
1.053683
-1.208093
3.273301
1.701305
2.470527
3.360773
2.128356
2.677338
1.723115
1.637225
0.006899
3.741311
2.515532
2.790175
4.166532
-2.933240
-3.082963
-1.766095
2.590025
-2.367007
1.235748
-2.812924
0.074987
2.674530
1.637268
2.757121
-5.161349
3.633851
1.544551
-3.549158
-1.000471
2.647916
3.346639
-1.964796
4.575466
2.505601
2.170211
2.731759
2.313540
1.482016
1.080050
-1.755800
0.997491
1.347085
-1.814389
-1.164149
-3.549206
-2.195249
-3.479775
-2.348511
-2.834000
-3.165343
-1.437108
-1.555292
-2.911934
0.713987
0.789387
3.953723
3.673615
2.145106
1.280853
3.720952
2.574572
2.918293
1.022382
-3.897271
3.523519
-2.013132
-2.758798
-2.751923
-1.970540
-1.576707
-2.670266
-2.447025
3.009080
-3.597392
-4.243124
-3.644256
-2.535711
4.751576
-1.580847
2.267101
-2.704227
-4.387057
-2.362996
-4.147229
-1.772431
-0.719636
-2.875099
2.441599
-2.485813
-1.014128
-2.200507
3.941309
0.453285
2.802549
1.073146
-1.666536
-1.666640
-2.621341
1.106150
-2.044381
-2.851121
2.894397
-0.614146
-2.185024
-1.871085
-2.685760
2.144156
-2.759435
2.751765
0.482445
0.178564
-2.078101
-3.792132
2.488068
-1.509002
-1.568614
-4.464448
4.028209
-2.390864
-2.782369
-3.908207
-2.774683
1.442314
0.603365
-5.082187
1.690723
-1.916926
-1.895325
-2.389130
1.625087
-1.692059
3.138439
-3.856686
3.426852
1.328427
-4.509855
-3.471680
4.250156
1.699249
1.952593
-2.069874
2.838197
2.250585
3.341314
1.133677
3.880885
3.198326
-3.588712
2.415270
2.365763
-3.728594
-2.238802
2.190559
2.521476
2.289161
-3.542354
-1.705385
-2.226650
0.530931
-1.551322
-2.418707
2.448698
2.269669
4.221081
1.129564
1.921606
1.958628
3.683176
1.170919
-1.763021
4.316178
-1.885412
-1.358556
-2.880652
2.160067
-2.307189
-1.871405
1.130945
-2.124907
-2.569854
-1.169640
-3.326736
-2.834216
1.475197
-2.867708
3.759255
2.265693
3.549680
-3.317037
3.143962
-2.629786
-0.672739
1.827309
4.347010
-2.304834
1.490189
0.280600
0.649125
1.434773
-2.583896
-1.711449
-1.538320
-2.868197
-2.005161
-2.920332
-2.507200
-3.455996
1.478843
1.266630
-2.195210
-1.601760
3.278909
-2.490902
2.122892
2.193386
2.966125
2.191513
2.194427
-1.272112
1.771467
-1.991494
2.729447
3.149570
-3.642796
1.169185
2.809077
-2.538087
1.190572
4.244554
2.478700
-1.581316
-2.057009
3.170516
3.540172
-3.329869
-3.577449
-3.401465
2.924388
-3.531641
0.651052
2.786304
0.433273
-2.705661
2.357587
-3.037147
-1.761286
-1.846380
0.843630
2.613325
3.575043
2.241131
1.734969
-1.589214
-1.432527
-1.713869
3.116391
-1.163778
0.332066
2.679526
-3.240557
2.219645
-4.083633
-0.913001
2.869917
-3.291335
-2.790942
1.831016
-1.447368
-2.126843
4.148284
-2.653260
-2.696045
-0.892723
4.319727
1.322726
-2.489967
3.668946
1.312159
-4.604045
2.854737
-3.254956
0.941374
-1.114882
-3.140965
1.714189
-3.021314
-1.617933
2.417415
0.282870
-2.581878
1.205753
-3.323590
2.166216
1.623373
-1.782997
-3.981486
3.394996
-2.355806
3.696782
-1.638736
1.298671
0.327477
-2.239131
1.864350
3.265932
2.413125
2.743037
-3.517983
-3.039486
-3.377242
4.064708
3.416266
1.890339
1.907059
2.533087
1.946905
4.397339
-0.967139
2.226142
2.818430
-2.777464
-1.848533
3.741248
-4.927047
1.417058
1.538016
-0.183162
-1.294702
1.806930
-2.111339
3.044720
1.847728
-3.737372
-1.767243
2.602669
2.799308
3.256192
1.772365
1.957221
-3.049605
4.996559
-3.502346
1.745611
-1.921164
-2.336852
-4.092626
-1.570172
-2.061798
-1.737103
-2.162282
-1.056298
2.165370
-3.502753
0.988107
-4.763541
-3.430745
-2.302136
-3.350782
3.343075
0.035731
-1.031880
-2.387544
0.861823
-0.805663
3.449536
-1.364563
-2.093958
-2.580210
-2.647085
-3.490874
-3.906028
1.855516
-2.248103
-3.420926
-2.608196
-2.873861
-4.083165
-3.491117
1.441449
0.019980
2.810943
2.704392
1.660873
2.182150
-4.154880
3.387766
3.427364
0.213142
2.773988
-3.415747
-2.314921
3.359278
-2.126823
1.209142
-0.652014
-3.772976
4.896880
-1.773273
-1.763607
-3.119405
3.607600
3.809680
0.548234
3.241997
-1.948632
2.577835
-2.728426
-0.719852
0.483649
2.749931
-2.896579
-2.495261
-3.516686
0.864036
-1.888376
-0.760259
2.293104
2.059484
-2.581060
-3.374083
-3.366755
-2.379734
-2.782922
4.108367
2.998866
2.002415
-1.661833
2.530190
-2.919630
-3.292464
-4.077861
-2.718178
0.981413
-3.662099
1.696948
2.893811
-2.416390
1.842603
-2.661611
1.776671
2.563495
-1.790450
-3.430501
-3.011173
-2.962862
-0.442784
2.431443
4.765770
-2.920890
-2.865177
1.825796
1.335351
-1.376023
-2.054552
2.287745
-2.741852
3.041222
-3.190775
3.646685
-2.314168
-3.579874
1.529409
3.636289
-1.389496
3.190297
1.210573
-2.025894
-2.184497
-2.691501
-4.005624
-2.079935
1.835769
2.580394
0.865909
-2.071084
-1.455098
1.853513
2.586540
-2.364505
-1.752693
1.670667
-2.447895
3.959136
-2.932070
-2.650293
3.185729
-0.283816
-3.621952
-2.837651
3.949014
1.921801
2.359902
-2.487731
-3.498703
3.044231
1.533716
-2.748056
2.943515
-1.012274
1.690644
2.310632
-1.300967
0.631874
-4.018022
4.137809
-2.686484
-4.357015
-0.832574
-2.128545
4.068989
-2.547073
4.190497
1.077647
2.421461
3.912175
-1.599393
-1.551640
-2.950344
-2.491148
2.992569
-2.542002
-4.870169
-2.083714
2.787624
-3.008156
2.287460
-4.148168
-3.524213
-0.779408
-3.542062
2.534808
-2.197344
2.359732
-2.651693
2.564666
1.957885
2.754626
2.222303
-1.962517
-1.792952
3.634457
-2.808149
-1.612866
-2.498179
-3.091831
3.916171
3.031295
2.601336
2.954331
1.569164
2.408567
2.762959
-1.782374
1.328924
2.343759
-2.866351
3.549118
-3.050283
-4.031820
2.558739
-1.007180
0.100712
2.604153
3.226452
-2.919267
2.952991
1.875765
2.502823
-1.267482
2.777586
3.233394
2.551577
-3.850197
-2.736482
-3.267893
-2.660925
3.789193
-2.618265
-2.678873
-1.596667
-4.141564
-1.767379
1.557353
2.291549
2.785790
1.405132
-2.019198
-1.157873
2.768120
-1.670193
1.253977
-1.568132
-5.923128
-0.498276
3.858689
1.781781
-3.751917
-2.503646
-2.532706
-2.559142
3.809772
-2.647301
1.972372
-1.778064
-2.754967
-2.148494
-3.871665
-2.885046
2.920409
-1.894269
4.209958
-1.481880
1.915037
-2.627466
1.674209
1.707175
3.854197
-3.111518
1.687589
2.171493
-3.280727
-3.556917
1.533700
-2.714133
-3.076565
3.727767
-2.633309
-3.125160
2.811669
3.070101
3.338388
-1.338375
-1.797516
3.852123
2.080204
-2.279417
-0.170519
2.150718
2.048194
-2.664624
1.978067
-3.164134
-3.115891
-3.317164
2.440634
-3.124502
-2.020858
4.900008
-0.425021
2.736378
-1.818591
2.709088
3.446071
3.306688
-2.224901
1.725001
2.274658
-2.354355
-2.902791
3.323982
3.262924
1.143114
2.389975
2.328440
2.602958
2.946842
-2.235926
-4.272772
-3.128444
0.181260
-2.077678
2.531919
3.139862
-2.287642
2.546093
-2.450876
-3.390717
0.840275
2.204558
2.983637
-2.217277
-1.882398
0.865836
-2.412671
-3.868298
3.340606
-1.802466
4.050589
3.227545
2.986123
2.080788
1.717036
-2.725527
1.125808
-4.439644
2.193599
-3.355614
1.813509
-2.532030
-3.942937
2.386680
-2.964659
1.879995
-2.295799
-3.453888
2.644188
2.770086
1.190884
-1.751402
-2.095737
1.379433
-2.636690
2.052345
-2.261191
2.005255
2.256726
2.434539
-3.438381
-3.726361
-2.330619
2.688188
2.105469
3.051465
-0.869865
-1.658151
-2.050088
-2.521385
-1.891789
-1.915591
2.906873
-2.414625
-2.806462
-5.658914
-3.273940
2.721481
2.009297
-0.706994
-3.718032
2.230275
-2.600932
2.474681
1.385348
-2.585567
1.616185
1.283068
3.294291
-2.621997
-2.475182
1.944564
-1.365440
2.596536
-3.315251
-2.458862
2.609592
-2.753684
-1.034902
-2.731744
1.900677
3.706144
-4.213345
4.278482
3.372137
-2.685904
2.162355
-1.816015
1.987008
-4.030132
1.455363
2.763911
0.868564
-2.865231
-1.955479
-2.764942
-1.720611
-5.019791
-2.290902
3.459811
3.579246
-1.790784
1.100465
1.829429
-4.000382
-1.050252
2.809498
3.058982
-3.422935
-1.853212
-1.323211
-1.791812
3.313893
3.317308
2.916275
-3.080434
-1.258161
-2.061999
0.345881
-0.636645
4.441959
0.992377
-1.198839
-0.656885
-3.191708
-2.777891
4.173796
2.642636
2.349372
-1.635172
-2.308569
-1.954961
0.397441
3.943856
2.660808
0.205888
-2.631528
-1.233034
-2.185230
-2.553021
2.513055
-2.406202
-1.858541
1.954068
-2.788369
-2.620599
0.816219
5.073317
-2.283853
1.235638
2.456828
-1.813106
-1.964156
4.305336
2.799664
-0.775108
-1.830986
3.283287
-2.252355
1.762878
-2.547105
2.617928
-3.152767
-1.580054
-3.012005
3.398495
-2.377717
-1.372595
-3.699756
3.642517
3.257460
-2.490755
3.242866
2.007008
2.891035
3.156679
-2.007213
-2.355085
0.320270
3.981031
2.214245
-2.925691
2.515598
-2.755614
-0.308069
-2.834345
1.472776
1.730343
-4.600264
0.748738
-3.734976
-2.202030
3.032526
1.150737
-2.213019
3.376231
-3.144905
2.183894
3.506697
-2.186336
1.055333
-1.016815
-2.846758
-1.549793
3.946460
-4.648293
-3.746838
2.792241
4.005377
2.192935
-3.829059
3.298568
2.976113
-1.253002
1.522893
-0.601974
4.857646
-2.619218
-4.703123
-2.410324
2.098263
-1.533402
2.069997
3.175744
3.161619
-1.970483
-0.912768
-2.199303
3.023185
2.705722
-4.222382
-1.493060
2.198778
2.726901
1.502926
3.299486
2.637779
2.214700
2.489442
2.883865
-4.053278
-1.029190
2.803388
1.262279
4.803049
-1.736308
2.589522
-2.185416
-3.296225
-3.600333
1.827041
2.559432
2.678705
-2.485911
-2.318153
-2.976151
4.480234
1.664277
2.686133
-3.913538
2.615861
2.513245
1.887497
-2.124435
2.940574
1.410290
2.506579
4.390511
4.441291
2.367166
-2.875580
1.390663
2.280126
2.129419
3.054149
-2.074768
1.753992
-1.923380
1.451283
3.102390
2.457457
-2.929142
1.592488
2.779975
-3.355457
2.469310
-3.445135
2.802563
-1.549142
2.683468
-0.816526
-2.451335
2.623502
2.473529
-1.059237
-2.654600
0.540601
1.700932
3.039019
-2.245140
2.409126
2.001327
-3.796120
-1.752640
2.099112
4.723126
2.448061
-3.110736
4.177459
2.240640
2.105433
1.606571
2.444789
-3.227927
-2.119128
-1.307970
-0.789433
2.250252
-1.231961
3.460207
-2.629625
-2.081447
1.653557
0.128827
2.919643
-1.681157
3.302960
-1.395635
2.139402
-2.874783
2.671541
-2.791561
-1.795753
1.213358
0.600912
1.557589
2.499210
-1.854214
-2.334864
2.295299
-1.491785
3.183002
-1.876036
1.793216
1.508861
-2.583097
1.410153
0.243873
4.286360
2.544260
0.910471
1.709231
-2.841583
-1.792966
-1.391420
1.886088
2.584467
1.404807
1.622972
-2.127963
-3.014433
-2.617709
1.731400
3.951759
-4.036060
2.513907
-1.576700
-2.739356
2.142988
-2.885747
0.475437
-3.675110
-2.845669
-1.591735
2.774905
-3.066457
2.873901
4.436627
3.341301
-3.405856
3.161735
2.535574
2.568991
2.988595
-2.343335
-3.480505
3.426409
2.147506
-2.673834
3.376909
-1.630886
-2.918416
2.066351
-3.574461
-1.785946
-2.183467
3.260735
-1.692353
-3.114691
2.721879
-1.270726
2.402462
-2.996187
2.835381
-2.574297
2.744680
-3.524953
2.456055
-1.763018
-1.920623
2.681525
1.228540
2.693988
-2.949193
-3.738657
-2.788436
1.393433
-2.741672
1.951253
2.385614
2.633459
2.555595
-1.770278
-1.814302
3.010803
1.094894
2.074223
3.671818
-0.666069
2.286795
-1.696547
0.447397
-3.373963
1.644692
-2.051515
-2.295164
-1.753261
-3.975182
4.173315
-0.704777
1.433473
0.086414
-0.988663
-1.213397
-2.335923
1.800074
2.306913
-1.860986
3.157842
-2.459584
1.692464
-3.212768
-1.039824
-2.189605
2.160035
-3.022185
-1.115111
-0.585429
-2.221971
0.984456
3.433860
4.224150
-3.013216
-2.757515
1.351512
2.873507
4.392001
3.538201
3.490578
2.943374
-2.565754
0.905426
-2.917746
1.684990
-2.499181
-2.850902
-2.349684
-2.109218
-3.256897
-3.114725
2.948086
-2.620059
-1.394919
3.148176
-1.590345
3.506639
2.280212
2.383449
4.013766
-3.363379
-3.565645
-1.513886
-3.413244
2.352197
3.597650
-3.539281
-2.504517
2.469838
-0.978246
3.416627
3.197560
-2.688172
-1.507744
1.666493
-2.424054
1.525267
-2.433814
-1.877176
1.546357
2.750355
0.601843
2.772715
3.074389
1.153539
3.452891
-1.833737
-2.468894
3.715044
-1.645024
2.368651
3.383450
-1.914586
-1.217336
3.346293
-3.841806
2.776526
-2.208812
3.183293
1.621235
-3.197250
-3.887993
-1.293048
-1.211372
2.626344
2.607388
-3.584092
4.448180
2.100689
3.609410
3.438320
1.938611
-3.295669
4.397629
-3.362332
-2.246442
2.283663
1.516007
-2.121257
1.854273
-3.281047
-3.303780
-2.820547
2.465257
3.043230
4.035296
-3.559550
-2.307728
-0.898913
-2.230986
0.863892
2.432611
2.186515
-3.833542
1.723365
-2.648725
-2.162314
-2.984353
-2.186743
3.583205
2.892930
-1.921220
1.689401
-2.459307
2.023736
2.331956
1.789261
3.807469
-2.206512
-1.299314
-0.329942
2.825004
2.929785
-2.274192
3.137264
2.300800
0.866844
3.789174
4.846570
3.032204
1.313221
-2.810545
-1.854676
3.617077
-0.986656
3.469418
2.862721
-0.726488
2.002920
3.873864
2.325318
-3.166954
3.153253
3.492253
-1.801391
1.798938
-1.789338
3.893371
-1.465329
3.540659
1.818392
-4.009474
3.079419
-2.896117
-2.207185
-1.157844
-1.313094
-3.164459
2.684174
2.381381
-2.635394
0.306586
2.057732
0.418918
3.815384
2.741828
-2.306849
2.392302
-1.913861
2.277203
-0.864709
1.111735
3.314578
-3.599203
-3.560028
-2.348786
3.414990
0.537587
4.178768
1.831663
2.954933
-4.127916
3.334355
0.611701
2.347686
3.096301
-1.003101
2.613118
-1.548682
2.533490
-3.607818
-2.261644
2.028955
-2.714990
3.659197
-2.417287
2.789582
-3.244980
-1.991681
-4.446183
-2.704309
-1.439676
2.732535
-3.242687
-2.777131
-2.278217
-0.661705
1.132240
-1.131829
4.315181
3.074090
2.051784
2.380332
3.501291
4.677951
0.653661
2.448283
-3.000690
-1.594072
2.052929
-3.972963
-0.436296
0.408121
2.804620
2.108113
3.328861
-3.021019
-3.738833
1.827753
3.850507
4.076348
3.096064
4.149532
1.520915
2.027113
-3.360429
-2.979097
1.371466
-3.013672
3.259340
2.430945
3.472982
-1.705484
3.170082
2.211301
3.175044
-2.266239
-2.417753
3.060339
-2.124042
-2.838653
0.225448
-3.242880
-3.930535
-2.649210
0.463282
-1.679210
3.296546
1.704727
4.355490
4.357003
-2.132829
0.940035
-2.196382
3.203825
1.904948
4.397677
4.926351
-3.039214
2.021003
3.147762
3.733136
-2.586151
2.730962
-3.149942
-3.284755
-1.536197
2.109817
1.343451
-3.547388
2.208626
-1.877868
-2.526148
-3.206558
-1.622255
-1.950481
-1.552902
2.119460
3.459658
2.224631
-2.949473
3.538586
-2.394890
-2.530686
-1.666328
-1.641937
-3.325877
2.954702
-4.103714
2.946614
-3.242589
3.800234
-3.288762
2.529975
3.574988
1.805488
3.570339
-2.706307
-2.468817
-1.277010
-3.210449
3.414471
3.616471
2.055616
2.740773
-2.368958
-1.579665
3.196797
1.550414
-1.021722
1.743547
3.052967
2.417686
-3.317420
-3.166228
2.904575
1.430743
1.639297
2.727247
-2.427372
3.360191
-2.151048
3.081060
2.451204
-1.800824
-2.035875
-0.066826
-3.726436
3.343781
-2.554303
-2.565108
-2.372601
-4.315407
-4.771897
-3.231028
-1.462088
-0.484087
-1.666493
-4.277472
1.672525
-2.131243
2.509990
4.570270
-0.639714
-3.301239
-2.290248
-3.283716
3.777807
2.239818
2.058541
-3.256150
-2.255551
2.670746
3.343071
-2.816171
-2.337632
-2.452600
2.829185
-1.033419
-3.461485
-2.267678
1.413309
-2.851936
2.277566
3.021913
2.931307
-2.760447
2.477017
2.053866
-2.453271
-4.101311
3.961502
1.063046
-3.979397
1.849312
2.282124
-1.293231
-2.482790
3.174375
3.180639
-2.826414
-0.116129
4.371363
2.681168
-0.319191
1.372733
2.253212
-2.811650
-1.944533
-5.650299
1.507801
1.635527
-1.515025
2.011819
3.775038
-1.239180
-0.717899
3.280297
-1.882588
2.288824
1.801633
-4.342424
2.430613
3.728744
2.988517
-3.517746
-1.571796
1.360054
2.505607
1.396350
-0.635091
3.920301
-3.601515
2.630157
1.909494
3.440630
1.983017
3.333534
-2.607593
-2.401206
3.628162
2.127101
2.497640
1.769425
-0.974544
-4.940849
-4.405598
-1.329008
3.306567
1.706073
0.201240
-3.849857
0.961419
-1.202133
2.612469
1.514203
3.816827
3.095935
-2.400509
4.395030
1.993617
3.068435
-2.483629
-1.627459
2.184962
-2.455364
2.450648
2.188621
-2.161219
-1.041567
-2.476818
-2.933278
-1.910329
-3.802385
-1.804620
-2.089008
3.719145
2.605684
2.305300
3.200000
-1.030698
2.419599
-1.754596
-3.025942
1.217454
3.672177
-2.364623
-2.873484
-4.646874
-1.383382
3.297584
2.047767
-2.170335
-1.564533
-1.671601
-0.576873
2.244501
-4.247155
1.096492
2.731228
-2.878603
3.317885
3.739301
-4.440675
2.548646
2.305377
-2.727137
-2.258978
-4.057832
1.235188
-2.694259
1.185105
-2.914648
1.088034
2.505070
0.880795
-1.984566
-2.906366
3.038534
-1.434264
0.633523
-1.652963
3.294444
3.106610
1.931052
1.880008
2.238438
2.773692
2.276450
2.745057
0.359305
-2.531116
-1.253245
1.599953
2.964759
-2.051301
-2.679620
-3.328386
-3.645644
4.053013
-3.709529
-1.979426
-0.369019
2.302424
-3.911332
2.148472
-0.880379
-3.552691
3.128575
2.640690
-0.856926
-3.176906
2.214192
2.416354
3.107829
-3.319569
-2.641018
2.207181
-4.268111
-0.817416
2.814242
-2.072078
-0.170734
2.306694
-3.064473
-1.363703
2.342592
1.890954
3.582756
-3.720353
-2.437495
2.568465
0.526807
-2.868678
1.156608
3.756036
2.594463
-0.046840
1.532812
1.796825
2.055003
2.763104
1.957316
2.544957
2.635806
-2.754971
-0.823005
-2.922485
-2.597859
-1.450796
-4.686339
2.372282
1.717168
1.896315
-2.651697
-2.886495
1.047955
3.261814
1.562433
-2.136544
-2.209847
3.041594
2.817886
3.163726
0.825706
1.278962
-3.031755
-3.187221
0.125344
1.229733
2.714264
2.684438
1.817664
-2.711432
-1.691198
-1.791769
-2.161931
2.218272
2.077180
1.728594
1.592423
3.379725
2.703371
-0.514875
1.974645
0.218284
3.306271
-2.194190
3.688320
3.117700
-2.448558
-2.234772
2.520129
3.167739
-3.275365
2.186489
-2.976522
0.857615
1.960523
2.891026
1.748167
4.112115
-3.936836
-2.596109
3.058255
1.977121
-1.700355
2.334988
-2.310984
2.951934
-1.307750
-0.715064
-2.811234
-2.715365
-1.591549
-3.367193
3.872550
2.638539
3.191447
1.893028
-3.756056
3.299861
-1.506098
-3.600107
3.585910
-2.990353
2.144837
2.798407
3.281461
-2.879202
-1.920989
-1.842591
-2.535669
2.002027
-3.306981
3.013363
-2.810822
-2.659955
3.810596
2.544748
-2.646763
-5.846885
2.678890
-2.434965
-4.492294
2.868746
-4.164735
1.575560
2.449497
2.344838
-1.771859
-0.370108
-3.544109
-2.058426
1.782865
-2.947373
0.543599
-2.707758
0.536373
-1.726568
-3.408725
3.389127
2.504080
-2.004996
2.138949
3.012518
2.194406
3.409031
-2.782553
4.292646
-1.496645
2.298188
-3.711509
3.007299
2.544134
1.620351
-3.000789
-2.802953
1.488958
-2.998779
-2.221308
1.893584
-1.787248
-2.541005
-2.868945
-3.398333
-2.408988
-2.582484
3.891324
3.184160
1.449628
-2.160777
-1.032561
2.715162
-2.968766
-1.973347
-1.592406
-4.602736
-2.070075
-1.439240
2.578450
2.348203
1.302666
1.787207
-2.132665
2.158218
-1.372220
1.374893
5.494315
1.136848
2.867222
-3.259480
-2.391660
2.416801
-3.215195
-2.390009
3.465977
-4.106908
-2.720609
-2.260542
-1.674335
3.726022
-2.553439
2.276263
1.827302
-1.630135
-2.298530
-2.235782
-2.769515
2.213739
-1.699807
-0.713747
-0.547173
-2.950071
-0.881632
1.535900
1.974037
-0.853638
-1.572656
2.047677
3.076009
-2.850994
-3.270358
-1.894305
2.913532
3.627515
3.048617
2.850563
0.913856
2.212772
2.631679
-3.447661
3.335811
-0.959932
-1.360814
5.149871
-0.599955
-1.501657
4.201969
2.400890
-3.708264
-3.122511
1.744553
2.667807
-2.258390
3.850179
3.176896
1.857828
4.111074
1.776600
-2.686504
-1.247893
4.583281
-2.799010
-4.755478
-0.614365
2.328151
-1.501476
2.597382
2.306893
1.347920
2.888373
0.972638
-1.086208
-2.002240
1.979370
-1.816872
-2.076011
4.314418
-2.162280
-0.943316
1.298362
2.660505
-2.965033
1.742678
-2.928144
3.181165
-2.916588
2.188706
2.969878
-0.336283
-4.791201
3.155853
-2.004972
2.622815
2.401198
-2.141641
-2.820811
2.477289
-1.655339
4.562697
2.738050
-3.252295
2.346147
-1.262594
2.384617
-2.517270
-1.179359
2.943597
0.588376
1.924355
-3.210770
-1.213074
-3.439698
1.790435
-3.277483
3.237560
1.766365
1.593003
-2.111628
2.732938
-2.181961
3.190308
2.251726
-3.125619
2.176953
-3.960161
-2.320123
-1.169243
-2.757829
1.220282
2.498543
-1.419619
-3.374842
1.277412
0.981915
0.666589
-3.195857
-1.740499
-2.741624
3.213411
0.904981
1.874534
-1.548429
-2.014782
-2.755774
1.923181
-1.150182
2.016089
2.393041
-3.409902
-0.697401
-2.922032
2.638162
1.386378
0.510745
-1.149505
-1.827116
-4.044029
3.053079
2.799680
3.097237
2.602077
-2.844844
2.873376
-1.468734
-1.818015
3.458755
4.305588
-2.533122
3.492670
-2.232818
0.211540
2.947315
1.126243
-2.823083
-3.075891
-0.895318
-3.544537
-3.068635
-2.935316
-2.432063
-2.955489
-2.448895
-4.186257
0.867307
1.968998
1.995257
-0.102279
3.859258
3.228128
2.595727
-2.752994
-2.347744
-3.909061
0.066632
-1.641187
-1.893534
-2.481082
2.089992
-1.274078
-2.326630
4.293053
3.528949
2.391451
1.261538
3.842447
3.090473
0.784439
3.184748
1.990976
3.629819
2.787630
0.693930
-1.990764
-2.996668
-2.992375
0.906795
-1.141683
3.837475
2.487577
-1.633969
-3.866916
-3.561598
2.825964
-2.558497
4.197064
-3.029516
-2.495838
-2.834947
-2.289091
3.794193
-2.559914
2.216818
-4.731122
-2.258566
-2.185079
3.031247
-1.319254
4.012362
-2.294909
-4.081723
-2.012772
2.255512
-1.975613
-1.450093
5.304731
2.673390
-0.684637
2.966653
-2.426395
-1.320843
-1.817272
1.026025
1.176359
-2.484807
1.815447
-2.767404
2.054470
2.719711
3.625123
1.999068
1.205150
-2.203395
-3.537251
-1.931672
-2.602911
-3.182771
-2.263266
1.703626
0.189926
3.151527
3.365093
2.697928
3.543431
2.932034
-0.844016
-1.578960
2.599406
3.398221
0.703047
3.044465
-2.565028
3.227804
1.958399
2.574654
-3.954901
2.375392
-3.012068
-2.345132
1.841453
0.337438
2.931967
2.230102
-1.733393
-2.822075
2.581149
3.122683
2.866358
1.115911
-3.774226
-0.741473
2.689438
1.721056
2.596381
2.960277
-2.953198
2.191598
1.790420
3.034362
-1.989673
-2.877655
1.700622
-0.773012
-2.586964
-2.856376
-1.870569
-2.715129
-0.832186
-3.339335
-2.006452
-2.868421
-4.025521
1.617288
-3.990583
0.954086
3.227618
2.606283
-1.946925
-1.815597
-2.139464
-3.327855
2.551608
2.134361
3.110687
-3.084387
-1.998423
2.880567
2.796327
1.693324
-0.060972
2.590582
2.186640
0.804175
-3.159705
2.991846
0.971170
-2.099807
-2.894634
-1.825477
-1.251384
-2.440211
-3.020349
2.244184
-3.229908
0.867713
1.937484
2.283951
3.326833
-2.350051
2.456370
1.832307
-3.876677
-1.298242
-1.558710
-1.704438
1.949036
2.872340
-2.855782
2.445765
-1.697312
2.112895
3.504373
1.751379
-1.036928
-1.747598
-3.813546
-1.378156
-1.905460
3.099388
-3.582595
2.812344
3.518168
4.888236
2.285637
2.808340
-1.940795
-0.632855
-1.538842
2.608089
-3.069733
1.070900
-3.607641
2.661329
2.555417
2.403195
3.158664
2.894013
-1.858078
2.649629
2.795450
-2.389603
3.546395
-3.349638
-2.407558
-4.088658
2.136328
-2.023644
-2.073464
-1.577728
2.122578
-1.725896
-1.914003
2.061866
3.168807
-3.701834
-2.664401
-0.970748
2.877185
3.005625
-2.800060
3.376458
-2.786647
-2.734907
2.377938
-3.317840
4.824559
2.411150
3.204652
-3.900729
-3.482559
-1.867865
-0.680401
2.997627
-2.698304
-3.328270
3.321508
2.397041
1.250656
3.268288
-2.563715
-3.569571
-2.435227
2.518517
-2.984580
-2.154529
-0.812195
-2.113080
2.141568
-1.986464
3.201075
-1.059806
-3.200738
2.944001
-3.039298
3.844906
3.652625
3.056758
2.422139
2.248508
-2.065966
-0.989893
-3.288784
-1.305382
3.199008
-2.306745
0.826229
-1.970584
2.435804
0.925846
2.013531
-0.097000
-3.042013
-2.320222
-0.502716
1.463767
3.032249
-2.717599
-2.005911
-3.283254
3.171230
1.685612
-3.055301
2.908907
4.004441
-3.155582
1.889477
2.351569
3.754648
-0.515198
-2.613533
-1.278776
-2.665465
0.567271
-1.719215
-3.922327
2.375223
-1.702073
1.447987
-3.039484
1.054726
0.813627
-3.912487
3.775107
-3.247307
-2.255551
-2.774454
-2.107019
-0.390902
-1.465865
-1.645614
-4.882948
-3.350666
-2.046439
4.814186
3.582852
-2.692003
-2.492101
3.646198
-2.443852
-0.607698
3.388052
3.926532
-2.439858
-2.949331
-4.706558
3.253775
4.460684
-2.502240
-1.759136
2.186269
1.638620
-3.417197
4.211037
3.209924
-0.395368
-3.304615
-3.179655
-1.630154
-2.021141
-1.849738
3.856271
-3.541486
-1.823661
-2.025317
-1.174586
-2.439560
-3.050787
0.688928
2.793239
1.064655
-3.479221
3.615721
3.279613
-3.489441
1.108145
-1.830087
-2.821856
-3.498692
-1.043747
3.007104
-3.930560
-2.035777
1.017377
-1.538137
-3.978954
-4.266768
1.023076
3.178970
-3.572045
2.494675
2.892263
-2.075475
3.057002
2.938415
1.113692
-2.548651
-2.259884
-2.052381
3.565733
-0.472708
-1.995828
2.591646
-1.852499
-3.055045
2.561703
2.962448
-2.223933
3.186997
-3.411023
2.897890
-2.555931
-1.594680
3.004188
2.923209
3.165397
-3.053720
2.136273
2.383682
2.737585
-2.262980
0.948186
3.803279
2.795715
2.050545
2.704610
0.886297
3.845594
3.037866
0.877572
-3.193886
3.812905
1.950895
3.565463
-1.707946
-2.715258
-2.623943
4.929709
-0.483749
-4.104149
2.719689
-2.113418
2.328877
3.019392
4.028827
2.467285
-3.710429
-2.288479
-3.697981
-2.836662
-2.398242
1.879750
3.372013
-3.957057
-2.776077
2.704157
2.764369
0.956965
3.113625
-1.269785
-2.012151
4.925404
-1.638857
2.952212
2.651944
-0.909652
3.837481
3.259927
2.879393
-2.328156
1.879974
-2.527263
1.592222
3.003196
-2.117794
-2.431355
1.887707
-1.997395
1.642223
2.903523
-1.964459
-1.613543
2.155520
1.743013
1.826160
-0.576999
1.186955
-3.121910
1.959316
2.938544
2.342609
1.406964
2.413235
-2.205616
-1.587255
-1.954626
-2.278618
-1.284732
-2.646167
1.830637
2.175406
3.771000
3.256065
-2.637989
-1.678662
2.685997
-3.018797
2.127372
-1.959360
3.030003
3.061770
-4.159694
-1.028363
-3.591360
1.838373
-2.792439
-1.492153
-3.113222
1.574916
-2.969016
-2.348565
1.831694
2.605028
3.473901
-4.866974
2.423153
2.122800
-1.477747
0.942718
2.836458
-2.179286
-2.587093
1.891206
-3.741603
-0.902074
-0.963386
4.401233
0.202877
1.659382
-2.366199
2.679969
3.162823
3.905821
-1.164159
1.374547
3.314124
-2.568773
2.081695
4.177440
1.713659
-3.310579
-3.016185
-3.311421
-0.528422
-3.162990
1.894072
1.969518
3.143066
-2.831719
1.825627
2.222894
-3.779221
-2.029853
1.759845
3.020055
-1.972202
-1.962547
-2.534539
0.411395
-3.070805
2.012009
-2.173876
-1.844660
-2.125030
-2.871434
-2.637662
3.822574
-2.172900
2.402988
2.007616
1.996780
1.795893
1.389836
-2.670134
3.393968
-3.453809
3.369447
-3.170902
2.028659
-2.685713
2.160059
2.744887
-2.520098
-2.777240
1.348360
-2.764358
2.450298
0.647794
-2.982948
3.173669
-1.047584
-2.480236
1.896447
-2.383479
4.332369
1.665523
-2.561792
-1.370680
3.287920
1.788094
2.352530
-1.864927
2.405883
2.240312
-2.496013
-2.874579
-2.336536
2.881813
-1.468543
-1.122080
-2.386426
4.335661
2.354155
-2.567397
-2.411920
-1.890599
-2.185193
-3.209062
3.205400
-2.554568
1.723262
-2.071630
-3.388119
-2.893966
-2.064699
-2.738393
-2.468734
2.779828
2.702198
-3.712688
3.573325
4.791617
1.966016
-2.800424
-1.298845
-1.292803
-3.602094
-1.363795
-3.512425
-3.163777
-3.413843
-2.896026
3.411692
-4.692101
1.507720
3.224848
-2.049733
-1.976959
-2.366341
-3.756848
-2.136392
-1.928613
-3.165204
1.531343
-2.533484
-0.659743
-1.878390
-1.520864
-1.678197
-2.129636
-3.499209
-2.235874
3.217025
-3.400285
-0.806779
2.962056
2.625418
-3.568021
-2.433227
-2.470596
2.103063
3.661384
2.232835
-1.396570
1.294038
1.016985
-1.418770
3.304273
3.554439
2.948655
-2.999391
-4.960950
-3.048700
3.398285
-2.421051
-2.863757
-2.572394
-1.576020
2.055232
-3.981431
1.657624
2.828527
-2.001053
-4.233227
-3.885020
-3.231807
3.713029
3.262708
-2.625729
-2.234243
1.598432
-2.587104
2.646543
2.159219
3.470672
2.404514
4.005392
-2.195601
1.275564
3.122182
1.803634
3.319192
1.733844
-1.614227
-1.886697
2.811598
-1.911308
3.601570
-4.218569
-3.561181
-1.976465
-2.393289
2.132573
-3.297560
4.882097
2.253898
3.587375
1.868099
-1.890573
2.899321
3.248102
-3.342505
3.543011
1.876276
-2.449987
2.487654
4.385062
-0.624431
-3.238518
-2.336396
3.344994
-2.129980
2.484320
-2.939116
1.918005
3.008232
2.330704
3.981019
2.773548
-2.486880
-3.199790
0.301335
2.007770
2.464433
2.270416
-2.735575
-3.655371
1.891308
-2.027494
0.997721
1.889711
-3.348995
-3.867485
1.042793
-2.713972
-0.674115
3.457482
-4.056032
4.723927
3.606002
2.526340
-0.186061
-1.331212
-2.924789
-2.173164
2.241064
-1.623027
-2.642744
-0.919727
-2.295484
-2.775212
2.694557
-1.856182
-2.352468
-3.504071
1.690440
3.597066
-2.627725
2.640909
1.687667
-2.431196
3.310955
2.759849
-3.366645
-1.903723
-0.006560
-3.180748
-2.191633
-2.820525
-3.684953
3.078152
1.161618
2.760249
2.891232
3.447625
-2.090050
-3.843850
-0.729206
-3.472696
1.823197
-3.109455
-1.582376
-2.269608
3.156870
-2.593413
2.092149
-5.576830
0.921375
2.161639
-3.878403
-2.685824
-1.818848
4.043782
0.454459
1.051390
2.386267
-1.781592
1.811893
1.592379
4.212283
-1.853203
1.452177
3.446308
2.351353
-3.123326
2.642399
-3.499439
2.904296
-2.125157
0.960660
3.458116
-1.475354
2.781891
-3.578951
3.425126
-2.266184
-2.708569
-2.373396
1.220415
1.380312
-2.633089
1.346619
-1.964358
2.644470
1.551546
-2.924118
2.287381
2.188969
3.249078
-2.653575
1.478044
-3.628592
-1.472298
-1.938645
0.558384
-2.793137
0.719190
-3.162776
-2.924185
1.340602
-0.844364
-1.994020
2.173669
-3.007984
2.873398
-2.531625
0.488719
-0.526720
3.736712
3.658880
3.021744
-4.519584
3.006780
1.511205
2.262409
1.829800
-3.429034
2.101771
3.146609
-0.781283
-3.299974
1.183261
-2.614802
1.786125
-1.941947
-3.988729
2.471264
3.351197
1.638541
3.122635
3.521554
-2.517351
1.125326
-2.338997
-0.891038
-3.849046
-3.611589
-4.588809
1.879115
-1.079285
1.899912
3.144193
-1.587534
-2.689306
2.264211
3.479380
-1.378101
2.707883
2.843917
2.669235
-3.658311
-3.039998
-2.175410
3.053387
4.072434
-3.333167
3.458800
3.624391
-3.242243
4.175306
2.503367
3.401175
2.946661
-1.333057
2.593016
-2.527096
2.595070
-0.394403
2.044912
3.160685
-2.155714
3.075964
-3.538457
-0.832462
-0.148416
3.460156
3.266132
-2.553911
4.203076
-1.986206
2.711224
-1.025691
-2.973386
2.158564
-0.210821
-2.648412
-2.026157
-1.235060
3.578528
-2.350274
-3.083369
2.741288
-2.220537
-2.252315
4.007442
-4.063997
-2.368693
-2.522733
3.724708
2.604265
1.279520
4.226213
2.181315
5.073946
-4.299273
-2.829829
-2.060217
3.463142
-1.767686
1.317274
-3.462276
-2.062455
-1.779592
-2.253133
-3.778344
1.913662
-2.599565
1.924767
0.566045
1.629326
-2.662833
2.251171
2.151866
0.455096
-3.050052
2.503828
-2.212317
-3.233867
-3.328558
-1.035593
-2.250877
2.073858
-2.592100
1.818040
2.361943
4.183981
-2.871559
-2.987624
-1.152265
-3.767691
1.959642
1.832726
-0.914987
2.372151
0.927180
-0.231905
2.971608
-1.759224
-2.414696
3.171645
-2.488946
-1.777991
-1.506828
3.991723
-2.389769
-1.971700
-0.190085
-2.543304
-1.423801
-2.645348
-3.270679
-3.695819
-1.352364
-2.748014
-3.448389
-3.260009
3.319278
-2.285864
-3.728666
-2.969947
-3.161902
0.683706
3.560990
-2.097785
-3.538237
-2.128822
-2.275157
2.368837
2.256241
-4.024243
-3.213602
-1.453490
1.653419
-2.550093
3.493245
2.496485
-2.712438
-1.664214
-2.358814
-2.284725
-1.764509
3.212662
1.834304
-2.171802
2.940703
2.995886
1.780477
-2.272654
-1.694046
-2.701828
3.044054
2.927236
3.480195
-1.023770
-1.446945
-3.395296
-2.164416
-2.778903
1.312918
2.350658
-1.471268
-2.389377
-2.063849
-3.166687
3.512510
5.485151
0.491422
-4.116636
-2.785741
2.973081
-1.510342
3.971143
2.028206
3.110155
3.099551
1.896277
2.462384
-2.039168
-2.945652
-2.737359
1.140149
3.598879
2.910983
-2.282368
-4.481001
-2.435725
-2.095831
3.522467
-2.869266
-2.942763
2.338741
-3.064785
2.686292
2.223583
2.105206
2.975397
2.327452
-2.416990
1.001441
-1.382577
-3.129984
-1.785555
2.676639
-3.797151
1.686311
-2.487400
-2.616660
-2.368179
3.343565
1.068760
2.484616
2.076239
3.226160
1.895928
-2.196806
-2.204175
1.860088
-2.865473
1.957657
-1.239269
-2.310614
-1.989869
-2.193817
-2.279906
1.956759
2.780265
3.404393
3.549746
3.091922
-1.780172
-1.997352
-2.346122
2.514927
1.338602
-0.844466
3.530978
3.039289
-2.299544
2.147945
1.445500
2.100481
-0.259795
-3.753364
3.338057
1.534271
1.103669
-2.838096
2.244274
-2.525500
3.376350
1.141048
-2.118424
-2.142708
-3.023140
-1.854454
2.334097
2.464578
5.097933
2.879667
2.590412
1.604773
2.288008
-0.772691
-4.748788
2.830366
1.416654
2.085782
-1.400369
-3.164022
2.342421
3.117647
-0.887488
2.229517
2.759437
-3.768291
-1.758431
-3.381389
1.762401
3.901906
-3.608538
-2.897173
-3.192394
1.921430
-1.315890
-3.425074
-3.087827
2.754283
-3.254970
-3.732761
-1.308586
3.867682
-2.481059
3.234023
1.501250
1.932765
-2.671670
2.767193
-3.132990
1.159882
2.969519
4.396210
1.702784
-2.440537
1.619256
-2.166716
-3.637704
-2.724876
1.103976
-3.074972
-2.094159
-2.489055
-3.118513
-1.851232
1.734901
2.724119
-3.316977
-2.207564
1.594167
2.890985
-0.837919
2.842680
2.275157
2.646161
4.188509
1.384109
3.218997
3.449804
2.594533
-2.497615
1.983412
-2.570234
-1.591753
-4.511822
-1.368945
2.351245
-1.678951
2.600775
1.516037
-2.521099
1.042973
-2.087258
-3.949012
-1.350056
-2.074043
-1.121967
-1.746715
-2.720145
2.716290
2.730215
-3.256289
-2.861640
3.880425
2.248681
-1.206405
3.676959
-1.762868
4.140352
2.994178
2.254031
1.200109
2.527461
-3.459682
0.927383
2.947395
-3.268991
1.079560
2.791584
0.178607
-2.638300
-3.149106
-2.356821
2.934295
-2.473088
-2.774949
1.483905
3.002491
-3.318250
2.637083
-2.432694
-1.993053
2.752073
-3.517654
2.141217
3.175382
2.214373
2.551657
-3.001794
-1.996149
-5.009191
4.392475
-3.806414
2.330853
-3.219685
0.658337
2.867094
3.329095
2.098056
3.191475
2.826299
4.025532
-2.654595
-2.277237
-1.969162
4.172561
1.824927
2.131429
-2.475650
3.367284
-1.821972
-1.558690
-2.160447
-2.409921
-1.666534
2.978118
-3.351242
1.182508
4.103576
-1.547963
4.151492
-4.534913
-1.149655
-2.818185
1.303676
2.397978
-1.881731
2.978097
-2.179328
-4.164361
2.752871
-3.713748
1.000883
-2.288449
-4.362679
-3.301653
-0.998984
2.048988
-3.323979
-2.478147
-2.728091
-3.098866
3.796899
4.585490
-2.608083
-2.388663
2.935238
3.313169
2.271689
-2.665311
4.056097
1.491520
1.137468
-2.805533
-3.003748
-1.383839
1.588336
1.919976
-1.716120
1.361738
1.824342
-3.343438
-4.261582
-2.289753
-3.841531
-3.042789
-4.796003
2.646054
-3.480604
-1.683346
2.331683
-2.247384
-4.328441
-1.423155
-2.165322
-2.013155
-2.438175
1.461445
-1.900309
-1.225970
-3.029226
2.132259
-3.275084
1.723148
2.602645
-1.503580
2.982192
-4.353548
0.675281
-3.846300
-3.868331
-3.491846
4.251046
1.165645
-2.781091
-2.452785
2.393064
-1.956366
-2.306135
3.629371
-0.435238
-1.989091
-2.945411
-1.357664
2.435033
3.883136
1.659380
-2.628349
-2.202447
3.359444
-2.318369
2.643053
4.413684
-1.019870
1.104690
-2.251069
1.972068
1.221000
1.524124
2.049493
2.874334
3.800554
-2.024333
-0.269944
3.671086
-2.098657
-1.781372
-1.763516
3.612635
2.859493
2.169928
-3.024174
2.533249
-0.979479
-3.861104
-2.921944
1.957276
-3.663493
2.178374
-0.898148
-3.664058
3.880722
-1.107366
1.345042
1.880276
-3.175605
1.544989
-2.103917
-1.754225
-3.930172
3.382886
2.960031
2.457685
-1.229905
-2.397629
-3.175017
-2.952966
-2.459698
3.218242
-2.360936
0.799775
-0.587724
-3.116348
2.829891
-2.326116
-3.685266
3.078468
-2.683225
2.312074
1.214617
-2.462099
1.954390
1.845282
-4.245580
-1.780467
2.662140
3.550043
-1.002127
0.163421
-3.363003
-3.875338
-0.925682
-3.123565
1.624416
0.772127
-4.207316
-3.241505
-0.436378
1.278771
2.286592
3.318699
1.250786
-2.578738
-2.413811
-2.442329
-2.454419
1.993374
-2.598789
3.489523
2.994293
2.242673
-1.912233
3.812106
-2.224967
-2.631165
-3.286446
2.377622
1.916386
-1.387186
4.245288
0.961469
1.319998
4.202673
2.366332
-3.573258
-3.411912
-2.754224
-3.099832
-2.254453
-2.093257
-1.014427
2.160447
-1.935627
3.141961
-1.665661
-1.070223
2.279361
-2.568056
-1.808499
-2.778892
4.183409
2.735954
-4.577581
2.088186
-3.787982
3.064101
-1.934239
3.157198
1.194764
1.311568
3.513883
1.930113
2.320777
-2.286406
4.007029
3.363968
1.377414
-4.001262
-2.995068
3.347209
-2.453815
-0.470677
-1.498966
2.629538
-1.564371
0.077514
3.657119
2.052408
-3.677419
-2.554619
-2.312223
3.512415
3.108397
3.185561
-1.258586
-2.286341
-1.297330
-2.824653
3.397223
-1.582315
2.539742
2.248026
-2.372473
-2.908518
3.085655
-2.332287
1.737026
2.128909
2.674754
-2.436738
-2.973697
2.438674
2.419325
-3.556575
0.936098
-2.700260
1.841986
0.804677
3.436888
-1.047199
-1.061835
-2.727787
4.346269
-3.284058
-2.643205
-3.887884
1.486216
-2.062741
3.329007
-1.055456
2.226613
2.470922
-2.053930
-1.685948
-1.121480
1.601859
4.086207
-1.170671
3.166297
3.503361
3.560844
-3.281042
-2.194420
-2.926231
-3.854157
2.787708
-1.004442
2.626663
-2.252616
3.747451
-2.375599
2.054675
2.348188
3.284327
-2.054824
2.185853
-2.695716
3.190668
-0.849663
-1.662455
2.672469
3.188165
-1.853304
0.972512
-4.691155
-3.346892
1.211925
2.679297
3.897455
1.327616
3.983922
-2.482604
3.785853
1.713852
2.908491
-1.139333
2.768325
1.779399
2.548471
0.963262
1.716736
1.475185
1.244037
1.515288
3.209156
-2.870943
3.473688
3.337295
-1.316221
-2.755084
-3.288419
4.038167
1.777071
-2.463043
0.976613
3.515680
1.359191
-3.533099
-2.047879
2.915008
-2.352213
-0.444099
3.091133
-4.653627
-3.536870
3.336182
-3.836838
-4.642465
2.356091
1.991332
-2.811988
-2.846988
-1.729445
2.757789
-2.038743
0.468189
-2.620144
0.838331
-1.586622
2.123595
-2.671131
-2.043143
1.870745
-3.670631
-3.360797
-1.821884
2.235074
2.797862
2.951209
1.971137
0.833205
-3.309284
-1.198280
-3.135259
1.753102
3.022502
2.934813
4.986529
-1.056006
-3.035687
1.960275
-3.913869
-3.028056
-2.675254
-3.199911
-1.599980
1.927410
-1.124680
2.146238
1.190965
-3.997976
2.441140
-1.127148
1.939131
-3.598453
3.391829
2.297223
2.168744
-1.205396
-1.896418
4.026279
3.240086
1.879388
3.295144
-1.512133
4.058078
-2.341313
-2.247984
-4.549349
1.274508
-1.840643
1.367753
3.193632
3.136306
2.829458
-3.301484
-0.664517
0.425661
3.394910
-1.975101
1.701368
-5.062140
2.270455
3.323735
-2.374526
-3.789684
2.134589
-3.148904
3.156879
0.857554
2.224517
1.907638
2.255591
-3.348899
1.948699
2.763282
-1.516284
-0.701725
-1.525267
-2.617368
-1.424401
2.708906
1.359913
1.798777
2.567706
4.259773
1.813263
-1.794920
3.825306
-2.496311
-2.474866
-1.819629
-0.769435
2.902658
-4.050396
-1.658187
-0.677798
3.086719
3.464300
4.519210
2.399113
-1.211802
-2.304946
-2.384116
1.493588
-0.740469
2.111670
-1.094087
-2.926090
1.867168
1.480342
3.293978
-2.998530
-4.551138
1.952475
-2.240174
3.534430
-1.944354
-4.264078
3.067538
-1.884708
3.059378
-2.024657
-1.976581
4.565417
-2.500032
2.595389
1.257827
-2.163238
1.038177
-1.737466
2.135122
-1.562558
-3.506556
1.519352
0.732962
-2.296845
4.433181
2.694541
2.043967
-2.534951
3.301524
1.716832
2.343804
-1.252422
-3.163261
-3.658912
-3.095897
3.941297
-2.027657
2.684008
2.733711
2.035797
1.318713
-3.131322
-1.534063
-2.899662
2.041444
-1.090561
-3.788919
1.557759
0.776288
1.621055
1.760231
2.866636
-3.479363
-2.186636
-2.383657
2.602469
-2.468763
2.561430
-3.841009
-0.816207
-1.863305
-1.317761
-0.824437
-1.901630
3.851533
1.274509
3.897877
-3.111876
-2.516699
3.307939
-3.012822
4.082882
1.664775
1.917394
3.771117
-1.249785
4.046120
2.245085
-3.132357
2.629314
0.731025
4.641244
-3.044771
-1.854096
-2.434775
-2.605745
1.345246
-2.458976
-2.871018
-0.456932
2.094435
-1.470427
3.696627
-1.352495
-1.832483
1.697162
3.141741
3.460385
-1.584812
-2.197457
1.796245
3.618779
-2.204745
1.815572
-3.110849
-3.421371
2.030452
-2.259669
2.143399
2.729934
-0.941795
-0.494960
-2.535916
-2.224857
-2.191783
2.610997
-2.597117
-2.506963
3.254952
2.298508
1.724030
2.226580
2.330674
0.299432
1.970997
2.975737
4.488225
-2.029869
-0.214031
-3.801187
-2.066181
-2.212753
-2.061700
0.997212
-0.931800
4.542401
-2.700010
3.522379
-2.588293
-2.847398
-3.960159
-1.991258
-3.022384
1.345964
-2.445638
-3.615245
2.017100
-3.649910
1.038572
4.771961
-1.762641
-2.967077
3.176112
2.182380
3.035803
-2.120528
1.999059
-2.499576
-1.019133
-2.944960
3.755902
-1.746381
-1.732232
3.668801
3.618322
-3.655770
-4.024438
-2.136452
3.328107
2.228262
-1.486862
1.172949
2.679856
-2.304728
2.356405
0.437855
4.070023
-3.301588
-2.459956
2.376287
2.775611
3.336489
-3.669678
3.553950
-2.971136
3.208940
-2.973615
2.990289
3.474437
1.405232
4.234481
3.708380
1.599838
-2.954647
-5.259750
1.986616
0.601292
2.696172
3.115772
4.274947
2.746678
-3.550130
-2.039430
3.998902
1.386045
-1.792703
-1.237105
2.263340
-0.605655
-3.639489
-5.564039
-2.364837
-1.295024
1.612236
-3.249465
3.078973
-0.795238
3.029045
-3.469693
3.027726
-1.920226
-2.683891
1.321729
1.441931
2.436582
-3.729262
2.100182
-3.326295
2.132863
1.508851
-3.674085
-2.585436
-1.383529
-1.634066
-2.628129
3.976865
-1.058031
-4.362353
-1.743001
0.643420
-3.811362
-4.079762
2.357914
-1.046236
1.913720
3.436534
2.527289
-1.493367
-4.310315
-3.397847
-1.350519
2.150625
-2.176184
3.543661
-3.409038
-2.687038
-2.255059
-1.898042
-1.867012
2.330728
2.818355
-3.364384
2.825144
2.621014
2.008708
-1.263663
0.941911
3.291713
3.437355
-2.478119
3.746156
-1.884986
-4.220441
2.686265
1.507488
4.113189
2.343849
-1.757276
3.489071
-1.901801
-3.521965
3.422153
3.578259
2.584046
-1.753514
1.600795
-1.794644
1.633824
3.510556
2.977008
3.770829
-3.165778
-2.238357
3.181996
-1.679092
2.435755
1.980642
-2.533366
-2.154758
-1.836147
2.780106
-1.583935
-0.698598
2.993621
2.071495
-3.507021
3.062788
-2.466446
-2.363859
1.380275
-1.459418
4.357134
2.258950
-2.687285
-1.463609
-3.739216
2.567084
-1.521011
2.820328
-1.333454
-3.887070
3.766310
2.628092
4.545649
4.815709
2.394764
0.930635
1.760141
4.006658
-2.754077
3.286859
-4.215691
-0.783138
2.570072
-1.600289
-2.399514
-4.522243
1.940060
-1.180862
3.953312
-2.884770
2.360999
4.279407
-3.903253
-2.230590
-2.445651
2.336469
2.626325
2.142283
1.022143
2.069824
-2.408328
3.971741
3.469611
3.161910
1.200588
0.926854
-2.579997
3.382593
-1.768478
2.015618
3.002715
1.630840
2.039616
-4.820068
-1.466998
4.687842
-2.605989
-3.227376
-2.841822
2.826310
-1.483410
2.069830
1.713914
1.870348
-4.420680
-2.995167
1.861351
-1.702142
0.817169
-4.166282
-1.942802
1.255035
-2.792170
-3.159119
-3.200362
3.936072
-3.464072
-1.964165
2.677863
-1.251640
3.523918
2.646067
-1.233557
3.282994
-2.593054
2.678977
-4.890431
-2.340637
-3.198311
-1.370290
1.835671
-1.974365
2.787111
-2.788767
0.649966
4.488904
-0.900770
4.905384
-3.675756
1.902534
-1.424010
-2.057043
-2.902178
1.612929
2.772830
2.491266
2.535345
3.623474
-1.809309
-2.145982
1.323396
2.373539
-0.547599
3.020964
1.501323
-3.540209
-3.542395
-3.445120
2.374514
-0.845186
-1.315038
1.218038
-3.235100
2.138626
3.216125
3.534106
-2.309796
-2.615406
-0.959352
1.030377
-2.288055
3.459418
-4.070321
2.026862
-2.090425
3.251710
2.769635
-3.075706
2.608127
-1.685031
-3.338757
-2.631244
2.594601
-2.427543
3.734174
2.854531
-2.108638
1.910043
1.988593
1.808724
-2.921892
3.047772
-0.680625
3.906812
-2.258949
-3.685345
-3.128763
-1.182610
-1.510681
-3.747807
-2.962633
1.874100
3.417168
2.510228
0.291916
2.643145
2.188191
3.600820
1.981383
-1.429191
3.250851
1.952768
-1.233749
2.762354
5.184847
4.067854
4.033221
-2.156021
-2.886520
-1.012778
-2.653941
-2.569722
3.640645
3.928067
-2.547674
4.277296
-2.783351
2.028938
-1.946465
-2.539773
3.591856
-2.303279
-3.457489
3.703953
0.883824
3.214586
1.364120
1.516537
-1.247922
3.000688
-2.158077
3.013441
-1.468607
-1.704083
-2.378685
0.297015
-1.838990
-2.058838
-2.634606
-3.407268
2.176895
-2.828588
-1.428322
1.939725
2.206026
3.525178
2.596499
-1.416746
-1.455119
-1.043948
-2.772402
2.263225
0.825366
1.802871
2.074272
1.930797
1.542326
1.220792
3.160009
-2.593548
5.193000
1.024940
2.925204
-2.921416
-2.810836
2.765823
-2.755001
-4.046295
-3.685149
3.567891
2.767538
0.647766
1.351547
-1.625906
2.504396
1.231286
3.067457
1.784538
2.458863
3.289687
2.586948
-4.039866
-4.099736
-2.477013
-1.762382
2.270446
1.856393
-2.248225
1.150432
-1.187906
-3.316357
-3.354039
3.485213
3.181976
3.466938
1.757926
-3.778310
-1.820973
-3.791820
4.366116
1.209362
1.785172
-4.199527
2.388718
3.912731
-2.943208
-4.005256
3.451020
-2.247844
1.075838
1.673344
-2.053938
-3.480195
3.222909
-2.496650
-2.252855
-3.149887
2.890590
3.396402
2.658953
-2.176623
2.154050
4.144489
-1.485820
2.270131
1.250951
-4.174717
3.351265
-1.864741
-1.356100
-3.907616
-2.375674
2.726788
-1.119471
-1.679182
-2.284171
1.952798
3.406300
3.075249
-1.745147
-3.004232
2.393373
2.007700
2.261933
2.374173
2.525309
-1.076281
4.305569
-4.471993
0.178043
-3.113279
1.441361
-3.486141
1.180129
2.155764
-1.933819
2.595836
-3.430232
-3.025552
1.290037
2.660713
-1.956982
-2.696072
3.000961
-3.210127
3.158476
0.663047
3.731465
2.532492
0.199491
1.116389
-1.050660
1.207826
-3.947761
1.653443
3.394545
1.097089
2.935603
-2.696456
0.946564
-3.393112
2.068892
-2.381623
-3.476012
2.601851
2.635022
3.305927
-4.137377
2.340609
1.751012
2.225867
2.761148
2.459282
-0.556230
-1.658403
-3.734008
-2.222597
-2.314664
-2.687815
3.429052
-2.744049
-2.424857
-2.529345
2.514218
-3.437798
-1.123612
-2.164696
-2.706518
-2.594580
-3.059156
-3.280872
3.009219
-2.014632
1.834213
3.025097
-3.079479
3.310485
-3.900419
-3.252008
3.909185
1.900221
-3.597295
-2.279263
2.677895
-2.518617
2.526660
2.692945
1.938365
1.461784
0.991643
-2.940828
-4.027281
-2.906071
-3.220061
-2.834492
-2.249210
3.286311
2.091231
1.661485
2.248356
4.242665
3.112109
-3.579379
-1.722498
3.364305
3.143533
1.521837
-2.548460
-1.463307
-4.296219
0.632746
1.916178
1.998142
2.638383
1.732750
4.610613
-4.074732
-3.655794
4.004027
-2.250252
2.806691
-2.313304
2.730231
-3.839172
-2.952105
2.039778
-2.018605
2.347030
-1.749672
-1.460473
-2.452314
0.744907
-2.020620
-0.956641
-3.595330
-2.532561
-2.283396
3.119630
1.488985
4.351845
2.854877
2.098467
-4.162771
1.397563
1.087579
1.744121
-0.811037
-3.506451
1.974176
-2.511081
-1.121708
-3.200112
-2.984572
-1.447897
2.102571
-2.924762
-4.247975
0.777285
2.358405
1.170596
3.281956
1.383948
3.721684
1.450730
1.409631
2.522694
-2.635176
-2.579511
3.001020
3.254547
-2.456991
-3.371266
1.369046
-2.976785
3.952821
1.581028
-1.297952
4.724319
1.014791
2.234736
1.501141
-4.666365
2.129671
-2.505586
-1.305654
-3.937763
3.828562
-0.674510
2.395703
-2.459099
-3.309966
3.029117
-1.485645
-2.014623
-3.582058
-1.162905
-2.326228
-1.701967
2.614178
-0.341322
2.083341
2.089146
-1.712489
-1.973302
-2.079729
1.772417
-2.614954
-2.694603
-2.208986
-2.195988
-3.409849
-1.883466
-1.346806
-3.252960
-1.391121
2.983254
-1.928863
-1.937132
-0.144083
-3.434071
1.795002
2.930160
-4.066309
-2.074246
4.786202
-2.684986
-0.729705
2.757248
-3.957330
-2.872694
-2.412126
-1.388975
2.091588
-2.885937
3.296182
-1.930327
2.676921
1.677716
3.622358
-2.635782
-0.992172
1.794228
-1.252115
-1.856394
2.761784
-1.231259
-2.172047
1.797162
3.110679
-3.865219
-2.035328
3.588406
2.810822
2.769376
-1.883418
0.830426
-3.781557
-2.316338
1.418372
-2.693085
2.291556
1.839868
-4.659824
3.134084
3.422745
-2.547867
-2.357290
3.061167
-1.836660
-2.498706
2.961089
-1.225284
1.979017
-2.749421
-0.968762
3.345456
-2.651153
1.375703
-2.201392
-2.422175
-3.015945
-1.624218
1.455369
3.767798
-2.938911
4.663931
2.773650
-3.946878
3.232834
-2.689174
2.138083
-2.162357
-2.676800
-2.879057
-1.757869
-3.314106
2.759650
-2.465959
2.102674
-1.241646
-3.731650
-3.063585
2.849569
0.311205
-3.739422
-2.048101
1.996336
1.965748
3.209196
-3.496382
5.219635
-3.277670
-2.236134
3.056204
3.754626
2.997175
1.327352
-2.177477
1.635083
-3.434966
4.811442
-1.082605
3.058711
-1.741753
3.644331
2.998165
1.949284
2.190904
2.465848
2.156896
4.940009
2.846985
-1.008776
3.800214
0.541027
-1.338232
1.726151
1.903479
2.353544
1.969096
2.869719
2.953663
2.727417
1.415385
-1.597810
-2.546400
-1.568477
-1.814039
-2.249172
2.156141
2.988451
3.414722
1.423804
-2.472823
4.579819
-1.700081
1.840148
-1.551341
-2.748709
-2.670608
4.003166
3.406866
2.192221
-2.817650
0.662056
-2.299552
-0.837159
2.681636
2.420825
-3.432366
-3.812287
4.355406
1.966197
-3.364833
-2.061289
-3.429970
1.725039
3.612337
2.613346
-3.207531
0.728078
1.254542
-1.794726
-0.651247
4.612021
-1.309611
-2.923886
-2.595551
1.932127
-3.241905
3.200607
-0.717618
2.072180
-2.111763
2.435893
4.005788
3.592961
-2.755615
-1.476137
4.112607
-3.610562
3.277028
2.455305
-1.003843
1.699300
-1.977007
-3.482154
2.846396
-1.726754
4.292031
2.994633
-2.017474
-1.902651
-2.382242
-1.190877
-2.576660
-3.670174
2.718852
3.196327
2.323093
3.225616
1.641882
-2.111504
-2.913209
-2.230808
-1.665920
-3.452542
-1.782829
1.043823
-3.721622
-2.095078
-2.591183
-2.566818
-2.687284
-1.037708
-4.045754
-3.383033
-3.152547
-4.053608
-3.268440
-2.079614
3.297104
2.209843
3.115270
1.312967
2.911294
1.703389
4.102819
2.556181
2.092005
2.364326
-4.704896
1.250542
3.358995
1.591164
-3.336003
1.686736
1.417261
-2.431281
-2.797592
-0.517689
-3.625959
-3.456738
3.485875
-1.890061
-3.423875
2.688751
-4.386806
2.634529
2.886734
0.946699
3.160672
-2.989485
4.441466
-1.652839
2.722291
2.041478
-2.120350
2.259697
1.055029
2.156720
1.543154
1.311788
3.125161
-2.320784
-1.652021
-2.514126
-2.387573
1.209899
3.499007
-1.598725
2.230577
-4.201730
2.116545
-2.260610
2.856014
-3.272880
-2.087639
-2.793853
-2.070324
-2.108588
-0.712442
-1.393488
2.167916
-2.027183
-1.154781
-4.028750
-2.653797
-1.489357
-1.689388
-4.076635
-3.688803
1.988087
4.603094
-3.090323
-0.068838
2.202717
-2.688511
2.330155
2.923372
2.583281
3.217896
2.843270
2.088501
0.899668
-1.372827
0.950971
-3.451349
-0.114680
1.059899
-2.380853
-1.412422
-2.302664
-2.489411
-1.317396
2.513298
-2.905054
1.374108
-1.813510
4.186654
3.138690
2.573080
-1.620316
1.164715
1.490456
-0.502902
-2.494459
-2.689904
-1.065523
-3.260413
3.145297
2.224798
-2.915639
-1.853014
-3.770446
2.124611
-0.820294
1.115222
3.398017
3.054048
-1.983643
3.623132
-1.070803
-1.824907
2.236595
2.492192
2.490491
-2.265834
1.471834
-2.133840
-3.663315
1.924091
3.268919
1.192761
-2.780965
-1.024432
2.652541
1.604881
2.184833
-2.043604
-2.739785
-3.943747
-4.431790
-2.022398
-3.075333
-4.040741
2.232273
-3.616205
2.046712
-1.369720
3.798435
3.467843
-2.128470
0.571272
1.576840
-1.832662
1.444042
-1.694393
-3.569463
-2.937490
-1.801043
0.668919
-3.102101
2.362591
4.429000
2.663143
-3.095320
-4.660368
1.747317
-2.551054
4.297103
0.958575
4.381104
-0.148045
-2.523336
-2.288940
-2.101272
-2.953320
2.405426
-1.422627
2.306929
-3.673795
-1.538071
3.197836
3.711629
1.868734
2.028704
3.324235
0.495943
-1.965734
2.505013
-3.101436
3.134942
3.185995
-1.931056
3.893068
-3.597538
2.764671
1.574910
-2.147845
-0.441198
-2.632803
3.891755
-0.938420
-1.774175
2.736055
4.048793
-2.641473
-3.222551
-1.930152
-1.194849
-1.347099
-2.709534
-3.349942
2.052633
3.430315
3.363427
2.475987
0.812801
-1.449620
-1.131044
-2.980439
-2.108034
2.424278
-3.236841
2.476190
-2.394062
2.438853
-4.035909
2.525624
-2.794752
-1.109340
-4.632596
-4.630242
4.604331
2.370305
3.692551
-2.917865
3.519836
-4.331249
2.408539
3.435328
-3.168190
3.107219
-4.072194
0.598320
1.660139
1.041516
2.076873
2.193284
-1.970392
2.427419
-3.430566
3.106993
2.068641
-2.179965
-1.340670
1.079825
-1.767891
-2.570346
-2.105381
-1.608138
-0.548410
-1.129438
-1.812014
-3.511662
-0.564304
3.698262
-2.886549
-1.264014
-1.299359
-0.421820
2.106894
-1.878622
3.535720
-1.165237
-3.054428
-1.187578
3.315316
-3.597426
1.040020
3.378650
-2.607357
4.281318
-1.867939
-3.461914
-2.989862
-0.709152
-1.709054
-1.541370
2.750687
1.751778
2.631961
1.954734
1.361089
1.575248
2.531509
-2.640298
-2.707441
-0.852234
1.241384
3.242530
-2.677050
2.670817
3.348538
2.564724
4.182287
-1.681084
2.916881
-3.245346
-2.047215
2.496897
2.257088
2.448126
3.754000
-1.634993
-2.183261
-2.611494
2.495831
-1.685432
-3.255683
-3.164583
-1.905513
1.948437
-0.916830
-4.023266
-1.888167
-3.209731
2.318230
1.571521
-2.382659
1.717808
-1.948802
-2.636364
2.879888
2.933980
1.745575
0.833301
3.326501
-1.929639
-4.188673
3.123621
2.226306
4.113175
2.899861
-2.978139
-1.799445
2.700609
-2.358295
-2.169855
2.005179
-1.887162
-2.308122
-3.093864
1.340977
1.516141
2.424212
2.563217
4.254457
1.681775
-2.963733
-0.625453
1.814891
2.215355
-3.189184
-2.026672
3.656872
3.161730
-4.581670
-1.038333
-2.704824
-2.504300
-1.312481
1.328888
-3.757288
3.457065
-2.621361
-3.879328
2.718297
-1.641035
1.539019
-4.028154
3.616107
-3.001985
-1.136358
1.817611
1.153193
2.860190
-2.884743
-2.680836
1.789795
-1.421369
1.074226
1.486563
3.321501
2.366680
3.905622
2.758043
1.409951
-2.283780
-3.223938
-2.451865
2.244538
-2.310465
3.768144
-4.644707
-0.507799
-2.710095
-1.695808
-2.168093
-5.293430
2.572485
1.600267
-3.187018
-1.807747
2.323839
1.622991
1.821187
-0.295464
1.154228
1.765369
-2.063162
1.204331
3.005795
-1.087479
-1.820637
4.928700
-3.614399
-1.836174
-1.122302
2.024910
4.236009
1.159484
-2.016120
2.010794
2.789994
4.068313
-1.869693
2.496270
5.080195
3.419470
3.583934
1.768358
4.166496
4.768433
-2.730984
-2.395195
-4.178011
2.556325
-3.259137
3.008895
-3.013304
3.005421
2.938693
-2.776970
-3.205505
-1.675085
2.156651
-2.231832
-3.411816
-1.985214
-2.136960
0.664278
-2.732532
0.993014
-2.341631
-2.772103
2.500478
-2.327209
-4.088874
2.555290
0.678315
-1.129838
5.199640
1.308956
3.726142
2.528081
-1.364386
-3.142871
2.726412
2.251553
-1.655257
1.671019
-1.655566
2.963317
-2.296699
2.469712
3.529617
-1.160327
2.895710
3.258524
-2.336240
-3.095962
0.209898
-2.177046
2.528736
-2.753009
-3.888222
2.778683
-3.842291
-3.585628
-2.311952
-1.253247
-2.640860
-2.651159
0.398000
-2.698713
-0.180486
1.826111
2.866994
-4.268849
-3.361366
3.940175
2.141394
1.715068
4.365730
3.646676
-2.038821
1.638088
-1.464333
1.444234
-1.504151
-3.950534
2.681232
-4.281487
3.007559
2.908761
-2.140847
-3.018915
-3.494401
-4.065134
0.911784
1.564744
-2.621154
2.437181
-2.625275
3.884871
3.294615
1.212479
2.919799
2.003101
0.947498
2.871465
2.849535
-2.388239
3.179317
1.194337
2.524436
1.079897
-2.571862
-2.540158
1.176140
2.651389
-2.523716
-1.259495
2.567935
-4.666715
2.361627
2.267587
2.337782
1.824332
-3.428462
0.816156
2.832745
-4.302591
3.305691
2.602634
-2.441733
1.769829
1.863006
1.505339
-1.731196
1.691253
2.732698
3.022080
-2.429406
0.898576
-2.458048
-2.105276
-1.115219
-2.568059
2.379235
-2.025228
-3.190835
-1.606407
-2.457709
2.709242
3.248931
2.606767
4.468673
2.039336
2.804005
1.887883
0.494143
0.231832
-3.431503
-0.537713
3.812858
2.546476
-2.895142
1.470567
3.199738
2.145528
-1.224471
2.208911
-3.313689
1.637059
3.817548
-1.359219
-2.125283
2.896996
-3.058391
-1.985435
-4.020365
2.854426
2.641930
3.091660
3.768909
1.344200
-2.936801
1.517087
2.969544
-3.554338
-2.216797
-5.307887
-3.098377
-2.767026
3.037077
1.391611
2.583715
-2.164244
4.184197
2.604320
-1.908595
3.692280
-2.552311
2.101621
-2.960853
3.303450
-1.925014
-2.423243
2.142970
-3.098134
2.573373
3.155684
-0.447422
-5.005906
2.977354
-1.368097
-2.410704
3.118819
2.728920
3.544192
-0.864492
4.376295
2.342534
4.198979
2.737530
-4.329705
-1.446389
3.797215
-2.843713
0.247761
-2.542973
3.226449
-2.428646
-2.698498
2.008473
-1.088922
1.621914
0.483165
-2.821234
-1.429851
3.150424
-2.081763
2.888552
1.217281
-0.444764
-4.144704
3.175420
1.379788
4.186465
1.781810
-0.552365
1.245157
2.392464
2.894233
4.724587
-2.944663
2.769874
-2.562006
-2.575732
3.829196
-1.750894
-2.104964
1.104938
-1.565288
3.812662
2.127541
-3.455246
-2.038421
2.721829
-1.930050
1.830436
-2.302351
-1.344777
3.295058
-1.156724
1.561195
-3.046997
-4.093029
-3.319837
-1.370273
4.251219
2.029409
-4.444707
2.321283
1.621842
2.641976
2.843261
-1.741057
-0.143074
4.749843
-1.883176
-4.162799
3.572416
-3.332405
2.318277
-4.131218
-1.489686
-1.750795
1.820933
2.282409
1.605218
2.785282
-3.411502
-2.524423
-3.204656
-3.008422
-3.884098
-1.915164
-4.004783
-2.588205
-1.468456
3.681541
1.382586
1.960022
2.771188
-2.899730
-2.427837
-3.119849
-3.265781
-1.631597
-3.459389
-0.544604
-1.701231
-1.728352
1.356195
-0.103587
-1.366463
1.827517
-1.589027
-2.169689
3.758536
4.240880
0.498141
-3.021427
-2.501110
-2.485022
-2.030233
2.209486
3.294903
-1.844599
-1.269969
3.412779
2.950347
1.709768
-2.019477
3.368895
-3.683834
3.022079
-2.979684
2.546705
-0.292420
4.777870
2.172335
1.758106
-4.270123
0.794612
-2.136103
1.409257
4.194742
-4.545529
1.623240
1.848694
2.775253
3.940153
-2.175884
3.041006
2.492551
-1.556341
2.460949
4.265245
-3.646533
1.009291
-2.670918
-1.709656
-3.222048
-3.310756
3.341414
-2.443168
-2.720501
-0.974455
0.267902
1.289785
-4.102425
2.738605
-2.721920
-0.577673
1.626367
2.853679
1.535523
-1.073801
-1.442328
3.287262
0.581044
1.676981
1.568130
-1.803979
-2.068875
-3.507849
-1.874651
0.852173
2.967259
-2.739248
-3.161363
-3.199996
-1.201850
3.383474
-2.416166
2.447308
-2.356639
-2.065552
-3.258798
3.090235
2.707321
2.953828
-1.079249
1.708666
-2.941987
-3.702050
-3.071571
4.632497
-2.323563
1.371295
0.200747
2.015470
-1.986666
-1.664519
-3.779723
-1.885340
3.431452
-2.195184
3.165770
2.943050
-1.715675
1.155313
0.272628
2.348328
-1.886810
-4.458414
-2.225148
-1.948377
-4.011335
-1.066296
-3.651096
-2.513547
-1.944322
-2.311261
-0.967775
-2.290282
-2.260615
-1.906017
2.106677
3.043795
3.359822
-3.309262
-2.497658
-1.993306
-1.437548
-2.509279
-1.551454
-0.456485
1.511062
2.755099
1.439709
-3.526372
2.363943
-3.966483
3.767401
-1.554892
-2.992627
-2.728728
-3.417630
0.666568
3.142104
-1.129802
2.172992
2.077525
2.706017
-2.167175
0.620150
1.710791
0.771384
3.191816
-3.697306
-2.397806
2.997789
3.023519
-1.412449
2.959526
1.673302
-3.467620
-0.757370
-2.457394
-3.397185
-2.916555
-2.921466
2.641806
-1.502115
-2.746147
0.832516
-2.784633
1.573185
2.131934
-3.322879
2.595618
2.393184
4.303667
-2.468610
-1.619294
-2.136811
3.209819
-2.341589
-0.028866
2.994639
3.329755
-1.911682
2.645201
-5.608493
3.260846
-2.568886
3.730509
2.748057
-4.033559
-0.824392
3.078415
-2.644830
-2.956795
2.979621
-1.954505
2.321713
-3.780211
-1.597320
2.143574
2.331431
1.528834
-2.647185
2.194690
2.500945
5.170984
3.766390
1.428769
-3.710703
-2.471268
2.740843
-3.604965
0.185981
-2.450824
-1.843727
-2.365252
3.117981
3.342649
-1.922914
-1.478296
-2.040212
-2.439231
2.809506
0.780827
2.573845
-2.276745
-3.398214
-1.693030
3.060604
-2.932316
-1.920443
-2.595744
-2.450679
-3.871623
1.782774
3.453631
1.813245
-2.706028
3.877602
-2.657692
-2.019618
2.023498
-1.751206
3.161079
-4.005801
1.431751
4.324679
-4.021237
-3.251961
-0.244167
2.743665
-4.685156
-1.524357
-2.188343
-3.564068
-2.410830
-2.081345
-3.178910
2.414396
1.863095
1.810671
-2.062301
0.200922
-3.377814
3.541648
-3.969060
-3.499776
0.790791
-1.073345
-2.915797
-1.985034
1.283508
-2.341209
1.316605
3.010099
-3.185024
-1.843399
-1.386553
1.954402
2.238124
2.238539
-2.760125
4.065798
-3.864501
-4.131572
3.813762
2.662335
3.732129
2.073541
1.389625
3.162608
-3.221602
1.588998
-2.409878
-3.837685
2.405615
-2.675489
-2.934900
3.729985
2.815983
-2.195924
2.027424
3.233090
1.897760
2.831409
2.659025
-4.325040
-4.920897
0.737893
-2.157935
-4.058371
-2.620514
-1.207951
-2.467000
2.289725
1.503754
-4.343315
-1.672873
-2.660861
2.588877
-2.546412
1.884715
1.908761
3.198853
2.810614
1.496426
-1.213189
-1.565528
0.701600
-0.652903
-2.859476
-3.050691
1.883108
-3.124005
-4.500194
3.480401
-1.728463
-3.027200
0.312017
4.406186
0.663926
3.415131
-1.676277
-2.234772
2.906626
2.890259
-2.448041
-2.849613
1.415352
0.482402
-2.682686
2.964239
-2.080749
-1.424755
-1.280625
-0.685701
-5.004456
-2.584907
-3.431209
-4.141133
-3.248917
4.651666
-1.539042
1.388717
-3.134860
-0.300249
-2.542490
-3.039379
3.514169
-4.372412
-2.783290
-3.165958
-4.031216
-3.794333
2.916201
-1.570515
3.907254
-3.047035
1.943178
3.075275
2.024716
3.045406
2.806241
2.475706
3.017043
3.047328
2.998914
0.703818
1.299044
-2.143646
3.236781
-2.335130
-3.826467
-2.253777
2.539456
1.739086
-1.083451
2.894981
0.502771
2.774987
-2.492140
2.709313
0.746483
-3.299355
-1.298549
-2.099771
-3.622560
2.748530
2.323138
-1.777146
-2.590922
2.853146
1.981906
-1.384101
2.984392
-2.938139
4.026593
3.752603
-3.486202
-4.307839
2.445108
3.136786
3.100512
-4.886840
2.760811
1.611749
3.461723
3.670368
1.783230
2.030248
0.410858
-1.189130
2.200218
-3.610498
-0.694272
-3.117450
2.857150
-0.595901
1.267284
2.272790
-3.439940
-3.120298
1.720964
3.201994
-2.588268
-3.217890
3.003149
2.764432
1.862221
-3.081662
1.133169
-1.307126
4.420973
2.053921
2.560454
1.016669
4.058577
2.099216
1.478347
-3.146578
1.952913
-1.417904
-3.457809
1.044090
-2.984712
2.032919
3.730740
-1.941119
3.536719
2.307133
-2.327416
-1.250590
1.866810
-2.542267
2.992302
1.225145
0.926018
-1.695609
3.216166
3.847881
3.292348
-3.128230
2.847997
2.703130
-0.979150
2.251455
0.625526
-1.956148
-1.832504
0.788447
3.477084
-2.385273
1.632477
2.207837
3.508738
1.975341
-2.481057
-4.039552
0.290779
0.504624
2.768276
2.213879
-1.731374
-2.572395
1.456622
3.630230
1.000463
2.390179
-2.646448
1.467505
2.999509
2.620840
-3.200806
-3.292045
2.463612
4.590793
2.320433
-4.706564
-1.391791
-3.260253
-2.375251
-1.535427
3.159632
-2.222318
-2.651395
-1.464084
2.917964
-3.336788
2.701039
2.666713
4.218349
-3.505886
1.804502
-1.812500
-2.761395
-3.179678
-3.310018
2.175859
2.054442
3.930091
1.375540
-2.784923
2.970267
-2.606279
2.783305
-2.150705
-4.912106
-2.706988
2.055998
3.078937
3.515628
-1.939984
2.963534
-1.389315
6.301366
2.279074
-2.490678
-2.547808
2.299032
2.608832
3.239410
1.706201
-3.045964
-3.751582
3.246063
-0.811776
4.310234
4.710465
1.956715
-1.362191
3.470553
5.075181
1.495403
2.744898
-1.995297
-2.127246
-2.245377
2.480836
-3.063286
-4.034320
3.030278
-1.276454
-3.368106
2.076529
-2.899446
-1.409778
-1.854365
2.552369
1.658641
4.292642
1.732061
-0.947637
-3.965248
2.567455
-0.756298
-3.089087
2.260928
-3.665049
2.567099
1.306436
-0.995590
-4.067657
2.234957
-3.874897
-1.828747
1.826470
3.003631
-1.927523
1.971736
-3.426322
-1.547775
-1.531592
-1.481419
1.481790
-1.167935
-2.706218
1.674657
-2.853715
-3.540404
1.000448
2.459460
2.768460
-2.860775
2.998071
3.468294
-1.375705
-2.763092
1.620568
-1.667580
-2.948477
-1.534851
2.922087
-3.058501
-2.117208
3.708925
1.638416
-1.904559
2.659203
-2.901919
2.445855
-1.801514
2.821914
-2.913990
2.555179
1.203143
2.647846
-2.885994
-1.762906
2.587947
-3.363473
3.517196
-3.618728
3.931240
-1.011405
-2.027117
-2.233133
-2.885093
-3.200796
2.008438
-1.862908
0.704615
0.639867
-2.454059
-3.312736
1.777617
-1.257208
1.331749
-1.805687
3.167474
1.422452
3.453635
-1.058266
0.879631
3.948823
-4.260454
3.978435
2.318966
-2.869121
2.667815
4.074981
2.709085
2.062355
-2.111075
-1.055070
-2.169663
2.415780
1.022198
2.505414
-1.830261
3.300201
1.893080
3.278008
1.925500
-3.084011
-2.219502
3.346578
3.198150
1.616698
1.334212
-2.266294
-1.241102
-2.264746
2.157924
2.027546
2.949531
2.383798
-2.234034
-2.534157
1.213653
-2.439842
3.639545
-2.923094
-3.301747
-0.623389
3.767141
0.859853
3.398549
3.052549
-3.045675
1.517278
2.688464
2.637886
1.317301
-3.589084
-1.488732
1.991154
3.357807
1.435844
-4.561203
-1.484797
3.088033
1.180500
-0.732899
-3.355917
3.799429
-2.260678
-1.419806
3.819125
-2.910736
2.230777
-2.637365
0.638544
-1.414207
3.127154
4.779108
-3.730003
1.533986
-3.237053
0.741660
0.791274
0.358451
3.603993
1.203808
-2.652235
3.686201
2.413073
-3.111873
3.346948
-0.710902
-1.461375
1.970037
3.180139
1.977957
1.651404
-2.798401
2.959717
-3.085151
3.274691
2.538071
2.882213
2.629688
-2.807476
-2.404604
3.798244
1.657814
2.714905
2.475491
-2.389883
1.113522
-1.773632
-2.781994
1.679295
2.360305
-3.618218
-2.991400
2.471459
1.528720
1.010022
-4.138242
2.568516
-2.792049
1.958771
1.133598
3.188738
-1.131538
-2.843359
2.444188
3.724353
-4.011773
-2.950312
-4.472698
-1.985801
1.886624
-4.092749
-0.783177
-2.820926
-2.752941
-1.479294
3.196565
1.512892
-3.405997
-2.292991
1.397167
2.682748
-4.247745
-2.905365
-3.189438
-2.933402
3.245873
-2.017720
-4.073803
-3.514649
-2.448344
-3.666557
3.501302
-2.303593
0.531978
-2.017110
2.874787
2.327523
-2.702462
-1.147862
2.937488
-2.074403
-1.872627
-3.825478
1.771232
-0.582206
-2.802378
2.407597
2.673904
3.281654
-2.522341
-2.128884
-3.287249
1.463118
-1.289579
-0.749533
-3.473232
-0.531206
-2.942604
4.794905
-2.554423
-0.477637
1.179508
2.813559
-4.970774
-2.361954
-3.176497
3.999921
1.506577
-2.414819
2.248255
0.567904
2.780320
0.150392
-1.724795
-3.095636
2.514733
2.939663
-4.334165
-4.661071
-1.098078
-2.353789
3.020420
-1.461781
-3.473161
3.224322
2.162878
-2.069770
-0.063579
1.404567
-3.092545
2.183884
-1.332835
-3.430652
-4.149901
-2.419378
3.045234
-3.498224
0.920054
-5.098561
1.358268
1.547230
1.769541
3.960247
2.591428
2.390013
-2.495126
1.967453
2.302297
0.871862
-2.518091
-3.907862
2.161770
-3.802109
-1.652628
3.328306
-3.350569
-3.082632
-1.873581
1.218401
-1.563881
-2.764645
-2.087248
-1.871429
-1.232792
-3.547753
2.436186
1.570743
3.501521
-1.256156
-3.371165
3.391111
-3.341586
-1.641482
-2.219583
3.248868
0.492001
-1.789955
1.637887
-3.430851
3.136880
3.846690
-2.298052
2.896276
0.076751
2.640795
1.653423
2.765425
4.208420
3.091354
3.122610
2.430300
2.995919
2.793517
0.165084
2.273938
2.886354
0.309354
-2.104866
-2.674151
-1.387902
2.670570
2.775413
-0.901935
1.365946
-2.539606
1.401297
-1.963469
-0.790315
-1.575862
-1.616299
4.268032
3.284735
-2.741207
-2.267904
2.590781
1.453558
-2.414314
-3.166847
-3.420242
-3.299333
3.279548
2.925548
-2.055448
-3.032592
1.830193
2.812855
-2.531126
-2.954929
3.193315
3.479779
-2.019940
2.339932
3.396587
2.443859
-1.535657
-3.248981
3.248824
2.471654
-2.108068
-2.366995
2.896088
-0.441513
-0.469776
-2.284018
-1.371763
2.134984
1.341866
-0.939921
-3.401198
2.407698
1.919083
1.995170
2.885534
-3.605020
-0.961245
-3.955204
3.061330
-2.703349
0.509022
1.244996
1.250152
-0.580750
-0.437826
-2.068976
2.297674
-0.051837
-2.499306
1.902241
-3.191330
1.775130
2.738836
2.627301
1.189390
-2.330324
3.162535
3.556437
-3.814780
2.854555
2.096241
-2.941184
1.796000
-4.160620
-2.886414
2.840241
2.570093
2.823345
1.911105
-1.851940
-1.944775
-2.476593
-2.396438
-1.788817
-1.019914
-1.898684
-4.525879
1.603987
-3.685512
4.263421
-2.802712
-1.327085
-2.971446
3.468100
-3.320370
2.414042
-2.641411
1.945118
-3.438919
2.582016
-4.109059
1.889175
2.863164
-1.738777
-2.466274
4.112055
2.166065
1.630792
-2.626778
2.335291
-1.144204
-2.944923
2.435886
1.722302
4.602468
2.633647
-1.452250
-2.156814
2.469369
0.217587
1.183012
-1.898641
-2.031994
1.510740
3.833428
2.755133
2.293608
-2.211798
2.451556
-1.925335
1.445103
2.366753
-2.397334
-1.283414
-2.652223
3.126781
-1.028744
-2.064532
-2.274811
-1.845392
-2.566237
-1.649434
-2.272647
2.708937
-2.654344
-2.253673
-2.580343
3.324223
2.340986
4.002746
-2.575597
-2.367316
2.301062
-3.179953
1.514968
2.278138
-2.784313
3.646908
0.789408
-2.992262
1.937570
1.869390
3.258775
-3.524051
3.372156
3.438524
-1.102919
1.560564
-2.574353
3.527929
2.986641
3.633587
-2.737281
2.150953
-1.659231
3.591006
2.124040
-2.220703
3.747185
3.111963
-1.537367
2.190517
-3.348930
1.832528
1.971214
3.823095
-3.431168
0.314266
3.002759
2.729458
4.694492
3.943438
2.459354
2.846830
-3.289994
-3.195459
4.136676
-1.315579
-1.562916
2.374311
2.074509
-5.850484
-3.002583
-1.943599
-1.680799
3.344341
0.949912
2.936152
-2.944145
-3.951311
-1.797862
-3.363009
3.428388
3.384455
-2.054359
2.074278
3.499525
-0.275064
2.408448
2.598027
1.526756
3.185135
3.561830
-3.535007
2.521724
2.235146
1.071155
3.474377
1.162216
-3.371529
1.204652
-3.308503
-2.749012
-3.146053
3.827644
-1.598745
-2.424975
-3.286932
-2.934698
1.559510
2.951836
-3.449312
4.235614
2.173105
-2.285005
-2.108809
3.100022
-3.488262
-1.652011
-3.721193
1.807294
2.636361
-5.291557
-2.426145
-4.080468
3.015643
-1.411577
3.065255
2.803289
-1.730844
-4.274511
2.869112
2.359861
-1.011858
-3.395788
-2.318969
-2.972623
-1.631922
-1.773739
2.128150
-3.913586
1.397433
-3.110337
-0.687842
-1.645070
-4.824467
-1.837042
1.118512
1.054300
-2.261301
2.805263
2.097123
-4.078946
-2.192689
1.510104
3.317774
1.073998
1.935354
2.267040
-1.396839
-2.464462
3.068734
3.008902
3.871760
-0.878187
-4.019345
-3.007225
-2.602084
2.986425
2.566517
-3.992005
2.890775
-1.673614
-3.040508
-1.537895
2.575959
2.680033
-3.485411
-2.925353
-1.720565
2.472730
1.479210
0.739959
2.031451
3.609839
-2.237111
-3.600764
-2.399968
-2.663664
2.731076
2.115005
2.853046
-1.010276
3.137237
1.512190
-1.686589
0.481222
-2.115782
-3.458021
-2.432894
1.908969
1.697887
-1.476360
-4.723620
2.897334
-2.038847
-1.600691
2.077498
3.789122
4.240176
-2.606402
-3.740752
-2.930000
3.522313
-3.244862
0.835733
3.358899
0.569521
0.909577
-1.087016
-2.645472
-1.006053
3.320816
2.047902
-1.761582
3.065439
3.173862
2.335779
2.025935
-1.514468
-2.492317
-3.868257
2.652105
1.158607
2.572463
-2.320234
-3.258805
-3.935446
-2.557073
-2.285559
3.124744
-2.760592
4.269305
-2.667193
0.381801
-2.037161
-1.830021
-2.211901
-3.754817
2.973532
1.407505
1.360824
-1.667573
-2.571686
-1.339514
-2.249500
-2.068489
2.396568
-2.631571
-2.535060
2.129977
-2.342159
-0.807433
-2.186518
-1.386690
-1.591900
1.101243
-2.650921
0.845065
3.922036
4.374692
-2.012829
2.423379
3.410730
2.639579
2.643618
-2.710941
-2.411315
-0.778176
-3.494686
-2.548116
-3.056032
1.045101
2.818402
4.266051
-1.163061
-1.491969
-3.201731
-2.547247
-2.118015
-3.796258
-2.495892
4.055007
-3.397908
-1.809446
1.192661
3.805104
-1.524167
3.134704
-1.609764
2.506878
-2.790675
2.556618
1.451143
3.113533
3.739442
-2.361140
1.969281
-3.415386
1.050958
-1.552702
-2.979482
3.122799
-2.465662
-1.988156
-1.171220
-3.259908
3.912186
2.632345
-2.441278
2.519765
-3.104104
-2.977328
-1.882123
2.073947
0.481310
4.509101
-3.295603
2.376860
2.038824
1.682987
-2.931798
2.181240
-3.700606
3.439477
-2.714864
-0.899151
-2.132889
-2.243941
3.166942
5.325197
1.884073
-2.362745
3.076240
3.732846
-1.319389
-2.054494
1.626885
3.214085
-2.064219
-1.680018
2.501306
-2.211717
-1.853404
3.316285
2.346200
3.163743
-2.543962
3.377669
2.564520
1.251773
-2.501218
-1.796551
2.481300
-5.763978
2.284454
-1.826230
-3.077627
4.146104
-2.881416
0.948946
-0.615607
-5.190303
-2.997727
-2.806253
3.276810
2.246852
2.506613
-1.855351
-1.914677
-1.962030
2.176061
3.750673
-1.759878
-3.039615
1.200782
2.507153
3.020823
1.923014
2.960090
-2.172405
-4.252394
1.681931
1.794209
3.017157
2.526808
1.801925
-5.270963
1.109746
-2.059584
1.795974
2.674581
-3.573541
1.593443
-1.942750
-2.630371
2.210887
-3.559350
-1.486897
-0.058547
2.347433
-2.203350
-2.289279
-2.892540
1.705458
3.586093
-1.544658
-0.370767
4.250492
-1.235257
2.125451
0.748037
-1.480908
-2.182795
3.838686
2.533244
4.376467
-1.520767
-2.255972
-2.421173
4.570094
-2.733660
1.944784
-3.150186
1.876674
0.009628
3.604782
2.853518
-1.850684
2.898682
-2.770972
2.913222
-1.067180
2.999446
2.215988
3.165435
1.752654
-2.059434
-2.353744
-1.898540
3.394037
3.636975
3.256415
1.653201
3.095251
-2.870934
3.777928
1.009238
-1.757479
1.695026
-1.105814
1.642750
-3.716599
2.614210
3.791117
-2.245510
-1.678850
3.638081
-2.256462
-1.628284
-1.140961
-2.693939
-1.752770
3.036953
-2.532732
4.532345
-1.735780
2.843852
-2.330634
2.976721
-1.564776
-2.698963
-2.115154
-3.770861
-2.058932
-1.662813
-2.845116
-0.388034
1.521092
-2.905665
-1.620869
-2.737309
-1.678784
-4.552769
2.628408
2.758476
-2.799152
-1.068172
-1.348217
1.598674
-2.511723
-1.350192
-3.054566
-3.601729
-0.701391
-3.288649
4.579738
1.697823
-1.067057
2.511621
-1.965514
0.192007
-0.225191
-3.062219
-2.966995
2.617605
-4.046693
3.058225
-2.935057
2.455117
1.910674
-2.215323
-2.280766
-3.883072
-1.726686
-2.567101
1.744406
-1.764491
-4.806824
3.065959
-1.687231
-2.757040
1.872047
0.774139
-1.302878
-2.254302
1.717211
3.420327
2.990049
4.643561
-2.536221
-1.685870
2.096184
-4.009749
-1.213899
3.760538
-1.737849
1.745874
2.964470
-3.638197
4.021142
3.894704
1.537016
-3.570271
2.829095
2.068274
-2.053011
-3.157740
4.434539
-2.811678
2.849049
3.052400
-0.557908
-1.912588
3.653294
-2.724166
3.308215
0.914708
2.498320
-2.292302
2.488764
4.210253
3.189442
-3.613457
-1.555705
-2.385975
1.391514
2.127676
4.102459
-3.677869
2.786159
2.862303
-1.020938
2.276335
-0.490807
-3.587586
3.937425
0.799651
-2.969659
2.303530
1.762609
-2.246651
1.840505
-3.172388
-1.740127
2.136989
4.714332
0.034763
2.667700
1.109412
0.703674
2.875586
-1.612899
3.046934
-1.226534
1.698215
-0.932790
-3.639267
0.454731
-1.959068
2.138948
-1.807566
-2.309642
-2.230293
2.466727
-2.127851
2.993184
2.021141
-1.435593
1.628541
2.917113
3.094075
1.980771
-2.297029
2.647545
4.022475
2.678230
2.260416
1.481258
1.614237
-2.625746
-4.278569
-2.173114
2.920693
1.803002
2.656579
3.931608
1.868650
-4.576421
2.986184
-1.614994
-1.997322
-2.794988
2.358247
-2.501626
1.937487
-2.708446
-2.879610
-1.044108
-2.398704
-1.367982
-2.028092
1.921298
-1.796735
-2.276305
-1.193866
3.141726
2.460553
1.093235
0.925718
1.575974
-2.573903
-2.350142
2.496141
2.096503
-2.969158
-0.205764
2.874477
1.539190
-2.493077
1.418731
-2.552961
-3.353777
3.370387
2.634377
1.371065
-3.887698
2.709536
3.701481
-2.356651
-3.295085
-0.375604
3.154420
2.740259
-2.279472
-1.864789
0.825914
3.118895
2.024057
2.653079
2.856705
-2.858399
3.443284
-2.680628
-3.110734
-2.179155
3.484329
-2.637677
-5.185766
2.125349
4.336881
-3.090009
-1.992492
-1.938461
-1.513585
-1.914014
-1.905604
2.834471
-3.103497
2.318014
-1.522925
1.447659
-2.562190
-2.773965
4.350155
-2.407489
-2.574478
3.743294
2.232154
-2.963841
-3.039646
0.807325
-4.331408
3.080007
2.305835
-2.125042
2.955345
0.347652
2.185241
-3.634648
-1.173386
-2.852955
-4.855600
2.775714
-3.661450
-2.997135
1.703471
2.850309
3.616232
-1.345987
-2.737503
-2.847203
-3.019295
-3.268626
-2.446753
-2.583479
2.869973
3.528864
4.820606
2.509937
-4.683487
-2.920522
1.231310
-2.771807
3.465668
1.777601
-1.552867
3.574679
-1.754847
3.201125
-2.745325
-2.350166
-1.380001
2.800290
3.146046
3.765462
1.833646
-2.940801
-2.859537
3.883809
-3.708275
-3.233821
1.762442
-1.727393
2.108380
-2.708784
-2.163735
-3.635669
1.675204
1.224727
1.749706
2.083416
-2.371534
-3.665286
-3.366969
1.494565
-2.649464
-3.542673
-2.879833
-1.418836
2.417012
-2.610729
2.923103
-2.298293
4.168209
3.257638
2.069181
1.793529
-1.845745
-2.617473
-2.366234
-2.567059
-2.922379
2.260148
1.912998
2.581983
1.836508
2.698074
-3.405418
1.720997
0.858340
-2.770826
2.960994
-2.209549
-3.414129
-3.744773
3.751013
-3.355492
2.422457
-2.175671
-2.292850
-2.559133
1.827350
-1.892254
2.045605
3.282044
1.782011
3.194012
-3.499385
-2.018301
0.792367
-1.758766
4.502729
1.527197
-2.736425
